1000
600000
   2E+24           0           0           0           0
    5.97E+18      149000           0           0       30000
 5.96676E+18    -46297.3     -178593     30274.1    -7932.35
 5.96676E+18     -125839     92473.2    -22174.7    -29123.5
 5.96676E+18     -111571    -47988.5       14600    -36704.8
 5.96676E+18     29536.5      152308    -32493.1     6348.97
 5.96676E+18      144752    -91436.9     20303.2     24785.1
 5.96676E+18     55275.7    -31688.5     44197.1     40347.7
 5.96676E+18     -153837     -3192.4     -156.29    -31442.1
 5.96676E+18    -87194.6     84027.3    -28110.9    -17323.2
 5.96676E+18    -83981.9     -126066     28944.1    -21889.8
 5.96676E+18     84835.3    -30846.9     22969.9       34113
 5.96676E+18      114107      149167    -25028.2     21212.9
 5.96676E+18     78164.8    -31107.2     35210.6     37773.5
 5.96676E+18    -77903.5     49772.6    -34647.6    -31669.9
 5.96676E+18     -133980     39839.8      -17080    -31950.3
 5.96676E+18     -120708     75638.2    -21186.4    -24009.5
 5.96676E+18     -103576      6225.6    -15295.8    -42460.2
 5.96676E+18    -46637.4     -147510     32451.6    -14859.1
 5.96676E+18     59645.6    -72218.9     40026.8     17084.6
 5.96676E+18      179688     1346.39     2208.45     24016.7
 5.96676E+18     5081.48    -41128.4     24421.1    -15612.1
 5.96676E+18    -708.565    -76810.2       38097    -21930.1
 5.96676E+18      147525     8928.39      5247.3     36594.5
 5.96676E+18     -147449     15824.3    -4753.69    -24104.8
 5.96676E+18    -5731.09     84376.6    -39808.6     9880.17
 5.96676E+18     6209.91     89629.9    -32113.7     23016.3
 5.96676E+18     -158392    -3879.47    -3500.93    -32812.6
 5.96676E+18    -52549.1     -141264     30016.9    -18011.3
 5.96676E+18     -145297    -77835.3     10771.2    -30005.2
 5.96676E+18     96704.4     63797.6    -18695.7     24079.3
 5.96676E+18     78035.7      162036    -26154.8     16634.7
 5.96676E+18      160335    -37265.7     11792.1     29667.5
 5.96676E+18     95463.1      145674    -23645.8     22579.9
 5.96676E+18     71998.1      -78339     35824.5     12485.8
 5.96676E+18      143304      118002    -15666.9     27201.5
 5.96676E+18      128495     -101200     21223.8     22114.8
 5.96676E+18      122907      129750    -19263.6     23849.5
 5.96676E+18     -133682       40075    -19261.7    -28511.6
 5.96676E+18     90339.9    -5338.73     15446.8     35421.6
 5.96676E+18     78271.8     -109358     31434.1     11639.4
 5.96676E+18     -107867      133342    -30446.8    -13009.6
 5.96676E+18      132207    -94423.5     25739.2     21000.6
 5.96676E+18     28396.2      115345    -30735.2     16325.9
 5.96676E+18      116909    -61795.3     29084.7     14392.2
 5.96676E+18      110919    -91691.1     27845.1     16208.9
 5.96676E+18     -172246      -23441    -1229.11    -30471.1
 5.96676E+18     -117019       98886    -29016.7    -16405.4
 5.96676E+18      170309      -42534     23431.5     25061.9
 5.96676E+18      156395     60920.3     13825.1     29896.7
 5.96676E+18     46458.5      146650    -28618.2       11253
 5.96676E+18     -161369    -91939.4     6309.31    -30950.7
 5.96676E+18     -132999     -140014     15994.2    -25970.4
 5.96676E+18     -120518     50405.2    -18665.7    -15795.4
 5.96676E+18     -186511    -39114.3    -8011.06    -29778.7
 5.96676E+18      106823     -110743     28887.3     2251.78
 5.96676E+18     -152452     -128443     11238.6    -25613.7
 5.96676E+18      148076     35466.4     5429.14     25962.6
 5.96676E+18      131095    -58010.6     17289.3     25345.6
 5.96676E+18      100432      106638      -10252     25858.6
 5.96676E+18     21396.7      148774    -29384.4     9470.61
 5.96676E+18     -152564     -118038    -3675.04    -24360.9
 5.96676E+18     9210.18     -190342     27658.8    -15506.8
 5.96676E+18     -192223    -79444.2     1870.29    -29219.9
 5.96676E+18     -140365    -63334.7     -7112.1    -28205.4
 5.96676E+18     8926.24      190118    -27503.3     11654.8
 5.96676E+18     -121584    -81960.9     10271.1    -27748.7
 5.96676E+18     9411.93     -143269     31089.2    -920.437
 5.96676E+18     -181754     12836.3    -13591.3    -26440.7
 5.96676E+18      155513    -52135.9     18073.1       23387
 5.96676E+18     -210547     3052.77    -16712.3    -19489.5
 5.96676E+18      128585     -130481     27794.4     10873.5
 5.96676E+18     -156661      126984    -25266.7    -14567.5
 5.96676E+18     -158703       49804    -16629.3    -22809.4
 5.96676E+18     -136426     -142177     13861.3    -24309.9
 5.96676E+18      133742     -149181     27982.8     7547.05
 5.96676E+18    -96348.7     -146148     22161.9    -14078.3
 5.96676E+18    -48126.4      188610    -28488.5        2924
 5.96676E+18     36335.6     -198408     27675.3    -4758.17
 5.96676E+18      182460    -79641.3     12193.4     21887.6
 5.96676E+18     -139774     59718.8    -18562.3    -24244.5
 5.96676E+18     -195488     -107115    -4239.55    -27022.9
 5.96676E+18     -105266     -157266     12568.1    -18560.7
 5.96676E+18     -237982    -87158.7      -14207    -20373.2
 5.96676E+18      148462     66827.3    -9755.09     14878.6
 5.96676E+18     -149963    -79889.7     5756.63      -26968
 5.96676E+18      218864    -31021.4     15172.2     21106.5
 5.96676E+18     -160589     -186584     12505.7      -24353
 5.96676E+18      240958     27663.5     15250.1     21705.1
 5.96676E+18     -156059     -119940      5118.9    -25253.5
 5.96676E+18     -218050      102169    -23413.4    -14902.3
 5.96676E+18    -20304.8     -218414     22221.7    -14816.2
 5.96676E+18      150188      127580    -7404.64     24445.6
 5.96676E+18    -17946.2     -206081     24301.3    -10978.5
 5.96676E+18     -219010    -77918.7    -7354.88    -23965.7
 5.96676E+18     54464.2      220469      -20671     16621.4
 5.96676E+18      142409     -103090     10091.7     12166.9
 5.96676E+18      151889     -184526     26254.3     4173.71
 5.96676E+18     -252326     14653.7    -13814.1    -20756.1
 5.96676E+18     -206715      114406    -22514.1    -13419.7
 5.96676E+18     26375.8      202597    -22209.4     12336.2
 5.96676E+18      145194      160252    -10006.8     20898.7
 5.96676E+18      104779      120023    -18574.3     19698.8
 5.96676E+18      229515      130856     5860.76     22984.3
 5.96676E+18     -108700     -216002     14894.3    -20832.3
 5.96676E+18      244405     67623.6     9410.76       22225
 5.96676E+18     -259026       56189      -19598      -15526
 5.96676E+18     30623.4     -187901     25793.2    -1549.32
 5.96676E+18    -69016.5      130342    -17343.6    -12773.8
 5.96676E+18       85599      165714    -17896.5     16116.7
 5.96676E+18    -76785.8     -261147     15888.2    -19776.1
 5.96676E+18      224899     71225.3     378.491     22798.5
 5.96676E+18      172180     -179151     16553.8     2148.08
 5.96676E+18     67388.6      161527    -22722.8     13691.2
 5.96676E+18    -45042.9     -236369     21913.5    -11612.8
 5.96676E+18      151293     -205334     24468.7     2052.54
 5.96676E+18      133831      179200    -10580.8     16176.6
 5.96676E+18      184980    -94965.7     16862.4     16977.3
 5.96676E+18     7373.38     -233063     20990.8    -9416.61
 5.96676E+18      105422      156149    -11307.4     14787.4
 5.96676E+18     -177726      156052    -21706.2    -9748.58
 5.96676E+18      150771     -120583     13031.9       13643
 5.96676E+18     -266436     47383.8    -16342.1    -15151.9
 5.96676E+18      236070    -60708.5       14883       17494
 5.96676E+18     -201642     -198169     1814.92    -21184.7
 5.96676E+18     -166416      171035    -21951.3    -9358.27
 5.96676E+18     -102151      181971    -19616.2    -3438.36
 5.96676E+18     -161970      168186    -21772.6    -9454.94
 5.96676E+18      155625     50699.5       -6623     23765.1
 5.96676E+18     98957.1     -228693       23448    -496.243
 5.96676E+18      211850     -156607     20578.1     9832.77
 5.96676E+18      270953    -83418.6     17495.8     14965.4
 5.96676E+18     -275877    -17339.2    -8174.11    -20723.1
 5.96676E+18      280403      113250     6378.08     16360.9
 5.96676E+18     78092.6     -170570       24269     7734.76
 5.96676E+18     -210813      162013    -20720.7    -10074.6
 5.96676E+18     78027.6     -274717     21666.4    -5850.52
 5.96676E+18      150397      202769    -7095.77     15534.7
 5.96676E+18     -214277    -54551.9    -227.484    -21942.6
 5.96676E+18     -212940    -15201.1    -3427.19    -21091.5
 5.96676E+18      178320     -213288       21948     4889.48
 5.96676E+18      160648      249150    -7830.42     19617.2
 5.96676E+18      179087     -125504     17647.8     15048.2
 5.96676E+18      233901    -16392.4     7491.81     22202.2
 5.96676E+18    -81513.6     -282934     13671.7    -15872.4
 5.96676E+18    -83530.2      282489    -19223.5     8035.69
 5.96676E+18     -194205     89221.8    -14511.6    -18600.3
 5.96676E+18     -216739     -115436     3567.51    -12266.5
 5.96676E+18     -294237    -71883.8    -7320.24    -18650.2
 5.96676E+18    -64396.9     -189324     19959.6    -8989.89
 5.96676E+18     -120582     -291752     7439.63    -14184.4
 5.96676E+18     -178243      131213    -19874.3    -14277.2
 5.96676E+18    -76244.8     -126563     24888.5    -9325.66
 5.96676E+18      246732     -157810     19423.3     10806.8
 5.96676E+18     -282773     78256.3    -10084.4    -10534.6
 5.96676E+18     -308722    -35140.8    -9788.01    -17859.9
 5.96676E+18     -100224      168036      -22135    -10207.9
 5.96676E+18      110728      144903    -12843.2     19146.7
 5.96676E+18     -151373    -20462.1     5638.71    -26493.9
 5.96676E+18      219982     51806.4    -2074.65       17364
 5.96676E+18     -129517     -135161     18030.5    -19072.4
 5.96676E+18      147842      137975       -8480       21217
 5.96676E+18     -134384      201411    -14055.1    -7748.16
 5.96676E+18     -122045    -65856.7     18718.9    -21406.6
 5.96676E+18     -239453      191554    -18542.7    -6702.26
 5.96676E+18     92292.9      371186    -3211.81     14734.8
 5.96676E+18      100594      169792    -16585.4     3480.06
 5.96676E+18    -18211.6      219142    -21775.3     1823.07
 5.96676E+18      232512     -180098     18512.7     8715.69
 5.96676E+18      317279     9697.86     9683.79     17056.4
 5.96676E+18    -64869.9     -174072     21871.6     -6773.4
 5.96676E+18     -399081     24273.1    -12753.7    -5898.15
 5.96676E+18      358044    -47639.3     15174.3       13511
 5.96676E+18    -10197.8     -162788     24512.2     3865.81
 5.96676E+18     -222164     -295782     2913.57    -18042.9
 5.96676E+18      216195    -68569.6     14080.4     8723.76
 5.96676E+18     95056.6      148918    -20349.9     6487.51
 5.96676E+18     -238598      138841    -9750.73    -10734.4
 5.96676E+18     -136941     -306034     8270.55      -13083
 5.96676E+18      316590      153838        3323     15216.7
 5.96676E+18      137891     -260666     19901.6     2114.26
 5.96676E+18     -268451      113373    -13168.2    -12567.5
 5.96676E+18      125188     -246323     19218.6     1547.26
 5.96676E+18      -84097     -254107     18267.9    -11106.2
 5.96676E+18     -327108    -63406.7    -5986.56    -17368.5
 5.96676E+18     -104074      245839      -18249     -2992.8
 5.96676E+18      179071      367368    -2868.44     14676.7
 5.96676E+18      127107     -150315     12604.8     16235.2
 5.96676E+18      192077      289198    -8877.03     17977.5
 5.96676E+18      347909     23787.3     8974.72     17563.3
 5.96676E+18     5693.58     -356532     14340.1    -9848.22
 5.96676E+18     -231316     -185946     5714.49    -16670.8
 5.96676E+18      276798     -186452     16307.5     7441.44
 5.96676E+18      237689     -178857     17138.2     9860.59
 5.96676E+18      245817     -224657     17735.7     6149.27
 5.96676E+18     9160.91      276825    -14844.1      2991.1
 5.96676E+18      258537    -24832.8     5814.02     18776.2
 5.96676E+18      280863      229576     2391.75     17898.9
 5.96676E+18     -271858     -133684     1947.82    -9011.59
 5.96676E+18     -349607    -36664.2    -5018.11      -11755
 5.96676E+18      272523      116594    -2030.08     16864.6
 5.96676E+18    -81555.1      254420    -17900.3    -208.116
 5.96676E+18      140358      284820    -10596.4     10996.3
 5.96676E+18     -161604     -185888     9749.54    -18265.1
 5.96676E+18      142823     -226397     13060.9     2439.77
 5.96676E+18     -246821     48657.2    -7008.25    -19615.8
 5.96676E+18     -384927    -3621.18    -8098.68    -10880.5
 5.96676E+18      333068      143559     1644.87     17829.7
 5.96676E+18      164958      213547    -14037.7       13436
 5.96676E+18     -249913      205711    -16060.5    -7503.44
 5.96676E+18      200513      283882    -7038.96       12752
 5.96676E+18     43379.9     -475294     8146.69      -11679
 5.96676E+18     -287084      123652    -11243.8    -12658.8
 5.96676E+18      302009    -98694.8     11684.2     13047.1
 5.96676E+18      417829       88788     6686.44     9185.75
 5.96676E+18     -155999      361790    -17692.1     4580.62
 5.96676E+18    -28025.4      283303    -17005.3     601.232
 5.96676E+18      256775    -83924.1     3626.55     7544.71
 5.96676E+18       20938     -154828     23298.1     11456.4
 5.96676E+18      -64439      150716    -16162.6    -11707.9
 5.96676E+18     66223.4     -358136     16232.6    -5322.41
 5.96676E+18      226603      111225    -9449.05     11367.8
 5.96676E+18      121917     -385957     16283.5     -5692.4
 5.96676E+18     54478.1     -366136     17487.8    -6029.65
 5.96676E+18     -159504     -306518     10629.1    -11331.4
 5.96676E+18      245071     52264.6    -2602.27     19912.2
 5.96676E+18      238259    -68402.5     6627.06     19014.4
 5.96676E+18      304980    -60598.6     5307.65     13847.8
 5.96676E+18      321619     22446.4    -1644.96     9979.65
 5.96676E+18      327318    -98588.3     11283.5     14483.3
 5.96676E+18    -57887.4     -320660     15366.7    -8190.25
 5.96676E+18    -2671.78     -246957     19130.5     153.732
 5.96676E+18     -134561     -258410     11195.6    -10421.7
 5.96676E+18      321316     -107889     11110.8     13746.3
 5.96676E+18     -138774     -157318     17736.9    -14077.2
 5.96676E+18      102172    -47796.7     10220.3       35173
 5.96676E+18      426841     -214795     12669.5     1822.17
 5.96676E+18      136913      363773      -10887     13145.6
 5.96676E+18      243941      151478    -7497.24       15395
 5.96676E+18     -237363     -244585     4671.57    -15710.1
 5.96676E+18      149511      252217    -13533.9     10600.5
 5.96676E+18     -352809      144103    -11062.9    -9616.69
 5.96676E+18     -137932      105567    -13047.3    -21386.2
 5.96676E+18     -266783     -191969     5911.42    -14090.9
 5.96676E+18    -41125.9     -383566     12378.1    -8288.08
 5.96676E+18     -148924     -176407     15092.9    -9285.21
 5.96676E+18     46559.2      340288    -15019.9     7934.49
 5.96676E+18     -205738     -288870     5888.62    -14267.4
 5.96676E+18      273714     38841.7    -1763.03     17135.4
 5.96676E+18     -176237      138006    -11673.8    -17830.5
 5.96676E+18      368092     -166016     9560.25     7487.23
 5.96676E+18     19964.2     -451573     11949.9    -9144.26
 5.96676E+18      207892     -265942     17163.4     3747.34
 5.96676E+18     -231860      451859    -9605.12     6087.31
 5.96676E+18      105525     76145.8    -27316.2     19092.8
 5.96676E+18     -122673     -378238     11890.9    -11998.4
 5.96676E+18     32361.9     -222299     17120.8     9413.92
 5.96676E+18      283171      207520    -5327.24     13713.9
 5.96676E+18      400590      171281     2918.95     13988.8
 5.96676E+18     -228506     61846.6    -3157.64    -17044.5
 5.96676E+18     -152041      326507    -14971.2    -785.831
 5.96676E+18     55993.1     -436386     11344.9    -5569.83
 5.96676E+18    -18426.2     -305692     15059.5    -818.404
 5.96676E+18      126603     97784.4    -18138.9     21632.3
 5.96676E+18     -311528     -320010     2683.73    -15241.7
 5.96676E+18      402627     7040.73     6992.38     13722.1
 5.96676E+18     -308099     8301.37    -2616.61    -17017.6
 5.96676E+18      208446      120757    -11604.1       16978
 5.96676E+18      349141       94736     632.788       15966
 5.96676E+18     -162908      126118    -9147.44    -20431.3
 5.96676E+18     -111003     -454243     8303.58    -11037.9
 5.96676E+18    -29696.7     93769.2    -37962.1      -16659
 5.96676E+18     -385672    -22622.7    -4730.41    -14481.5
 5.96676E+18      222542      418126    -5194.31     12583.9
 5.96676E+18      -10642      233547    -15099.6    -5032.55
 5.96676E+18      275912    -86379.8     3770.33     15281.3
 5.96676E+18    -7575.09    -99811.6     39528.5    -8783.14
 5.96676E+18      301816    -69107.5     6437.02     15708.6
 5.96676E+18      154792    -57024.5     5441.16     18867.1
 5.96676E+18     -493244     -230733       -6180    -10568.7
 5.96676E+18    -88277.6      -56345     1607.57    -36279.6
 5.96676E+18      288710     -162078     10571.6     12845.7
 5.96676E+18     25204.9     -471387     12230.7    -8385.73
 5.96676E+18      180594     75362.8    -16430.3       16742
 5.96676E+18      236412    -40208.8     1420.13     20777.5
 5.96676E+18      418088       48271     6363.44     14940.8
 5.96676E+18    -95459.5     -202436     19723.2     3232.65
 5.96676E+18      306429     57118.2    -2874.66     15457.1
 5.96676E+18     -111534    -210.252    -1565.56    -35639.7
 5.96676E+18      184392     -188781     11843.7       10695
 5.96676E+18      236855      131962      -10220     15188.9
 5.96676E+18      503871     -124349        8348     4784.62
 5.96676E+18      310717     -145052     10195.7     11264.2
 5.96676E+18     -301545      168682    -3689.64      -10650
 5.96676E+18     -173534     -155681       16298    -13625.9
 5.96676E+18     -130087      189754    -11420.2    -15208.5
 5.96676E+18      335144      229442    -3708.17     12755.9
 5.96676E+18      227970     -456036     14606.5    -3714.04
 5.96676E+18      446562      -41547     8843.01     11911.9
 5.96676E+18    -44662.9     -487175     9039.62     -7875.5
 5.96676E+18     -332586      -31808    -178.359    -14630.8
 5.96676E+18     -278611      298553    -11879.1    -5661.98
 5.96676E+18      103687     -257534     14656.4     8476.36
 5.96676E+18      142442     -464655     13180.8    -4200.84
 5.96676E+18      242533      369447    -6948.73     11821.2
 5.96676E+18      463957     7425.18     6950.51     12312.5
 5.96676E+18     -129207     -388599     7885.13    -10599.9
 5.96676E+18     -134485      283293    -16499.4    -3455.44
 5.96676E+18    -93850.9    -79724.4     17166.6      -29510
 5.96676E+18     -296538      196811     -4015.1    -10475.5
 5.96676E+18     41170.6     -218207     19193.3     8021.21
 5.96676E+18     -378029      223713    -11274.5    -7928.36
 5.96676E+18     -395463      195351    -11726.3    -8989.08
 5.96676E+18     -169725      393457    -14742.9     392.488
 5.96676E+18     -330405      234649    -14056.1    -2187.88
 5.96676E+18      251714      463939    -3657.32     9620.59
 5.96676E+18     -470000      233906    -13037.8    -5702.93
 5.96676E+18     -493786     20943.7    -8946.81    -11141.3
 5.96676E+18      478984      260707     3511.48       13750
 5.96676E+18    -61780.7     -114825     29266.2      -16847
 5.96676E+18      336112     14882.4    -1894.26     13714.3
 5.96676E+18      111667      468956    -10063.6     9540.91
 5.96676E+18     -515813    -68592.8    -5418.14    -8966.97
 5.96676E+18     -407066      149483    -9774.95    -10622.5
 5.96676E+18      217594      265996    -8427.11     12461.1
 5.96676E+18     26471.1     -132684     25435.9    -9201.61
 5.96676E+18      106524     91800.4    -25893.3     19797.9
 5.96676E+18     90709.5      201156    -21205.3     5759.39
 5.96676E+18      202074     -485086     9502.12    -2296.68
 5.96676E+18     17134.7     -358611     14181.8     -1018.6
 5.96676E+18      388188      294889    -1796.23     12025.2
 5.96676E+18      315939      266136    -5872.71     13491.3
 5.96676E+18      403585     -433892     9168.33    -1595.22
 5.96676E+18      141627      469080    -5744.98     8102.84
 5.96676E+18     -162608    -45075.2     13580.7    -25198.7
 5.96676E+18    -89913.9      180802      -21518    -12758.2
 5.96676E+18      101322     -477244     13302.6    -4350.26
 5.96676E+18     -119511     -210290     14637.5    -808.266
 5.96676E+18     -214676      349679    -11821.1    -4862.12
 5.96676E+18      126721    -36227.9     14313.2     28837.3
 5.96676E+18      -74103     41440.2    -3450.27    -47526.6
 5.96676E+18    -68934.7     -315800     9893.94     7199.35
 5.96676E+18     -137151    -20167.4     14781.4    -30200.7
 5.96676E+18     -143801      441082    -14321.6     2625.26
 5.96676E+18     -322139     -251406     6193.33    -11733.1
 5.96676E+18      130678      509078    -7932.23     8773.68
 5.96676E+18    -69656.6     -164448     25839.9    -5835.56
 5.96676E+18     32676.2      112584    -33702.6       12666
 5.96676E+18      368549      240313    -3564.53       12275
 5.96676E+18     -156344      191290    -12076.9    -15078.2
 5.96676E+18     -369174      -46467    -112.363    -15003.7
 5.96676E+18     -421921      215915    -10227.6    -8195.01
 5.96676E+18      104479    -95066.7     15320.2     29132.3
 5.96676E+18      265008     -327260     13409.1     5854.79
 5.96676E+18      131112     89495.3    -20421.8     21280.7
 5.96676E+18    -17309.8     -153399     24443.8     344.488
 5.96676E+18     -192223      459080      -12477     763.544
 5.96676E+18     5181.46      101834      -29131    -20776.1
 5.96676E+18     -470567     -313906    -1628.58    -7077.21
 5.96676E+18     -166213      332211    -11387.4    -6889.11
 5.96676E+18      196802      330724    -10712.2     7542.29
 5.96676E+18     -331192     -434936     3851.82    -11994.4
 5.96676E+18      235276      346101    -9843.67     10759.6
 5.96676E+18      293530      482219    -4226.11     11637.6
 5.96676E+18      266759     -198804      65.158     12879.9
 5.96676E+18      290987      429103    -5484.57     10435.1
 5.96676E+18      164617     -260062     13384.5     11010.9
 5.96676E+18     87608.2    -47619.3     29079.7     6920.84
 5.96676E+18     -404069      109226     -5320.9    -12038.6
 5.96676E+18     -135826     -489750     10100.5    -9446.62
 5.96676E+18     65858.7     -271001     15377.6     8091.07
 5.96676E+18     -438622     -249307     913.588    -12605.4
 5.96676E+18     -486256     10405.4    -4897.04    -11477.8
 5.96676E+18     70743.7      152283    -19833.6    -11176.6
 5.96676E+18     -445535      279151    -11163.3    -5836.62
 5.96676E+18     -410366      283951    -11900.4    -6419.45
 5.96676E+18     -208819      118368    -2044.78    -21190.4
 5.96676E+18     -543377    -69815.1    -2754.96    -7549.75
 5.96676E+18      454919     45988.9     2705.38     12480.7
 5.96676E+18     -179856     -402531     10505.3    -8019.96
 5.96676E+18     46453.4     -110320       35221     8152.43
 5.96676E+18    -52107.2     -382257     10659.9     1926.07
 5.96676E+18      467297      227176     -42.408     11703.4
 5.96676E+18     -189819      108119    -10013.9    -15833.7
 5.96676E+18    -92434.8    -57475.9     27344.4    -21414.3
 5.96676E+18     -307425      415745    -10417.4    -2670.77
 5.96676E+18     -176129     2775.89     11110.9    -24509.6
 5.96676E+18     -474415     -263100     241.885    -10803.7
 5.96676E+18     -168789     39654.5    -8398.46    -19573.8
 5.96676E+18      124002     -172769     18266.5     14830.4
 5.96676E+18     -163068     -154049     22086.6    -5385.43
 5.96676E+18      104880     -502711     12515.9    -3130.64
 5.96676E+18      200334      188543      -16038     11169.2
 5.96676E+18     -429758    -13239.9    -1653.36    -13348.4
 5.96676E+18      304282     -102636      3392.3       16149
 5.96676E+18      292343     8186.02    -3528.03     18193.9
 5.96676E+18    -20650.4     -329994       15521      653.03
 5.96676E+18     -199011      217455     -7008.2      -15816
 5.96676E+18     -131282    -33665.5     11774.1    -26921.3
 5.96676E+18     91854.4      259385    -19534.3     4446.02
 5.96676E+18      517205     9741.93     4806.84     11531.9
 5.96676E+18     -389107     -266527     4497.19    -10684.5
 5.96676E+18      119884     -506418     12754.3    -1918.01
 5.96676E+18     54312.4      343623    -13050.8    -1979.23
 5.96676E+18      345308     -295350     10980.2     7903.55
 5.96676E+18      224197      392458    -10110.6      9052.7
 5.96676E+18     -391001     -340780     3937.24    -12027.2
 5.96676E+18      495407    -14750.1     4083.29     11520.8
 5.96676E+18    -86665.3      444088    -11677.3    -905.957
 5.96676E+18      134195      532386    -8352.32     8305.49
 5.96676E+18     82865.3     -500132     11901.7    -2839.32
 5.96676E+18    -25609.3      412917    -9088.44    -4492.67
 5.96676E+18      117890      422843      -11486      3383.4
 5.96676E+18     -444059      124559    -5853.47    -11410.4
 5.96676E+18      274467     -390379     10944.2     4654.03
 5.96676E+18    -50655.3     -160591     23335.4     -4586.3
 5.96676E+18      225331     -406850     11616.8     4067.73
 5.96676E+18      199125     -157908     7091.38     18690.6
 5.96676E+18      235303      375718    -9707.48     6016.94
 5.96676E+18      122815      335897    -14402.2     1934.76
 5.96676E+18     -119221      102295    -20871.7    -21506.3
 5.96676E+18      152852     -561825     8833.41    -1874.89
 5.96676E+18    -21582.1      312944    -13857.3    -8421.36
 5.96676E+18      297426     -109722     3321.25       17285
 5.96676E+18     -225274     38882.7     5326.76    -22557.4
 5.96676E+18      229367     -428787     12439.1     2998.03
 5.96676E+18      371428      236688    -6207.16     7720.82
 5.96676E+18     -112486    -89886.2     24910.1    -21899.6
 5.96676E+18     -329834     29227.9     2701.19    -11123.1
 5.96676E+18     -138511     47364.8    -6910.56    -24441.8
 5.96676E+18    -39567.7      443410    -12761.9     4.73969
 5.96676E+18     -298990      327622    -10213.9    -7923.95
 5.96676E+18     -370093      391843    -9904.01    -4403.87
 5.96676E+18     -463475     -284779     2919.47    -7057.88
 5.96676E+18     -436223     -446771     1631.21    -7589.67
 5.96676E+18     -148483      2496.5     2891.74    -27817.1
 5.96676E+18     -209663      389628      -12107    -5274.17
 5.96676E+18     -490323    -39386.8    -1844.07     -8949.2
 5.96676E+18     -199030      341173    -8982.51    -8363.91
 5.96676E+18      312593     -392125     10726.5     4102.57
 5.96676E+18     -139830     -314030     13909.5    -2125.97
 5.96676E+18     15800.1     -120090     37962.7    -169.525
 5.96676E+18      176942     -215064     12310.4     11398.8
 5.96676E+18    -19406.6      181909    -26793.7    -8630.82
 5.96676E+18     -316574     -174638     9573.38     -6823.8
 5.96676E+18     -499947     -162846     191.617    -11672.1
 5.96676E+18     -192160     99661.8     -6215.3    -16415.2
 5.96676E+18      461174     -358478     9964.64     4779.31
 5.96676E+18     -301147      487248    -11558.1    -996.178
 5.96676E+18     -168336     -322658     14430.9    -3967.64
 5.96676E+18      473695     9744.95     738.844     11528.5
 5.96676E+18     -295867      498374    -10919.5     -1156.6
 5.96676E+18      456479      156436     -1924.9     12304.3
 5.96676E+18    -45444.4      119184    -34220.2    -10889.7
 5.96676E+18      291715     -370580     10673.2     6518.43
 5.96676E+18     -110474    -61543.7     17226.3    -9724.98
 5.96676E+18     -323679     33681.2     2077.34    -15095.2
 5.96676E+18    -74656.4      294419    -13398.6    -10942.1
 5.96676E+18      195108     -386751     12110.9     5894.69
 5.96676E+18      144005     -326519     10377.1     10246.6
 5.96676E+18      317623      442531    -6511.63     7801.39
 5.96676E+18      -33158      190055    -22399.3       874.9
 5.96676E+18     -136516    -8037.04    -10448.3    -33392.9
 5.96676E+18      331166     -383182     9869.11     5700.34
 5.96676E+18      256807      475296    -7651.72     7448.72
 5.96676E+18     -504176      249453    -8131.38    -7073.33
 5.96676E+18     -465080     11082.7    -1897.59      -13002
 5.96676E+18      118358     35419.7    -32666.9       20215
 5.96676E+18      178029     26329.5    -12121.1     26537.4
 5.96676E+18     -147783     58918.2    -14317.7    -26229.6
 5.96676E+18      153163     2096.02     4459.68     30317.5
 5.96676E+18     -489326     -222251     1464.48    -11526.3
 5.96676E+18     -556584     22440.2    -1752.82    -8432.17
 5.96676E+18     -573625      116248    -6853.86    -8553.07
 5.96676E+18     46740.4      170256    -29233.7     1110.67
 5.96676E+18     -458252      109023    -4313.85    -12187.6
 5.96676E+18      496469      152673    -965.235     11743.4
 5.96676E+18      152758    -69131.4     16334.2       22947
 5.96676E+18      109882    -7019.65     30590.6       21310
 5.96676E+18     -159052     36955.7    -8082.79    -28436.3
 5.96676E+18      -37870     -585997     10355.2     -5278.8
 5.96676E+18     -479131     -178171     3097.48    -9665.28
 5.96676E+18      342422    -19571.2    -2509.38     15801.6
 5.96676E+18      471430     -270242     1743.36     6106.63
 5.96676E+18      556499    -50172.7      2117.2      6439.7
 5.96676E+18     -333880      301502    -8768.87    -9718.55
 5.96676E+18     -434988      120295    -3320.87    -12347.8
 5.96676E+18     10000.3      122383    -25393.4     16216.4
 5.96676E+18      238287      160393    -15098.8       11235
 5.96676E+18      185518     -526873     9676.84     1258.14
 5.96676E+18     -433267     -174549      4342.9    -11799.9
 5.96676E+18     45628.4      338612    -9945.17      -10326
 5.96676E+18     -346020     -260747     8447.25    -10666.5
 5.96676E+18      729269      302816     4406.75     5611.09
 5.96676E+18     -168993     -101409    -766.768    -22782.8
 5.96676E+18    -5941.96      241895    -22250.7    -5574.53
 5.96676E+18     -266239     -154098     12945.6    -12677.3
 5.96676E+18     9592.16      159644    -28037.7    -15697.8
 5.96676E+18    -17853.3      155294    -30379.5    -3461.73
 5.96676E+18     5405.29     -171861     24569.3    -1317.17
 5.96676E+18     22023.2      522627    -10610.3     1521.41
 5.96676E+18     -391907      168432    -2524.79    -12539.3
 5.96676E+18      186390      116924    -6744.86     18768.8
 5.96676E+18     -204573      442229    -11417.3    -4432.18
 5.96676E+18     -185519      474739      -11302    -423.973
 5.96676E+18     17917.7      159861    -26076.4     2543.35
 5.96676E+18    -10031.3      192801    -20948.6     368.143
 5.96676E+18      471930     17288.3    -1181.28     11739.5
 5.96676E+18     -526129     -239833     1460.72    -9838.98
 5.96676E+18      441703    -47245.9    -6366.58     7015.97
 5.96676E+18     -268646     -455282     8569.43    -5570.39
 5.96676E+18     -174465    -85909.9     10290.1    -20000.7
 5.96676E+18      156982      175138    -21227.3        8390
 5.96676E+18    -32501.1      392405    -4874.25    -2536.86
 5.96676E+18     -603845     20279.1    -5495.55    -8291.14
 5.96676E+18    -22354.8     -103741     35912.7    -13505.4
 5.96676E+18    -38011.8      224567    -18739.6        1586
 5.96676E+18      528919     -171028     5730.86     9581.23
 5.96676E+18     -374256    -8456.09     5095.64    -14191.3
 5.96676E+18      458631      216764    -4374.31     9952.48
 5.96676E+18     -112631     99031.8    -15418.3    -24040.8
 5.96676E+18     -360870     -266311     9668.05    -4183.03
 5.96676E+18     85235.1     99242.4    -29413.2      9545.2
 5.96676E+18      -37561     -482955     12134.5    -943.318
 5.96676E+18     -120680      111094    -20743.4    -21191.9
 5.96676E+18     -265773     -175363     15233.8    -8885.71
 5.96676E+18     -125975       95342    -29702.5    -7954.16
 5.96676E+18      214120    -33435.6    -7705.26     20661.2
 5.96676E+18      479300     -180840     3601.19     10070.2
 5.96676E+18      312599      529242    -6219.86     6541.56
 5.96676E+18      639206     12460.6     2659.45     5858.99
 5.96676E+18     59316.3      115206    -26130.6     37.8422
 5.96676E+18     -399432     -383847     5091.11    -8729.96
 5.96676E+18     -272547     -531150      5676.4    -4554.67
 5.96676E+18    -17233.5     -259256       18658     11177.6
 5.96676E+18      291802     -337731     6916.59     9911.92
 5.96676E+18     -125396     -166651     13599.5    -18422.1
 5.96676E+18     -353424      104413     5461.85    -13353.9
 5.96676E+18     -103859     -142556     24677.1    -6772.28
 5.96676E+18      203131     28821.2    -5115.15     20528.3
 5.96676E+18      139396     -289114     10061.1     14306.9
 5.96676E+18     -425619      222532    -5534.46    -11214.9
 5.96676E+18    -80334.7     71892.8    -39202.4      -17463
 5.96676E+18    -6053.87      202724    -22176.6      504.42
 5.96676E+18      195115      277963    -16233.7     5739.99
 5.96676E+18     -124092     76309.4    -17695.3    -20165.1
 5.96676E+18     -190769    -21278.4     3671.16    -26537.7
 5.96676E+18     -278108     -147171     16579.1    -6515.04
 5.96676E+18     -281098      194108     -7711.5      -11618
 5.96676E+18      588938     -319261     5281.82     4912.72
 5.96676E+18      312898      127997    -11329.4     13259.9
 5.96676E+18     33766.2      166245    -24796.3     9284.76
 5.96676E+18     -154786     -316353       13164     55.0662
 5.96676E+18      443776     -177269     3997.14     11849.2
 5.96676E+18    -49156.9      321046    -14029.3    -10720.3
 5.96676E+18      396016     -437890     8797.29     5290.26
 5.96676E+18    -19735.1      186306    -22627.5    -2846.18
 5.96676E+18      149675      231431    -10963.8     6105.92
 5.96676E+18    -18380.1     -428186     12702.2     2741.16
 5.96676E+18     -137910    -57827.7     2826.08    -23939.6
 5.96676E+18     1207.49      143356    -25098.6     8745.85
 5.96676E+18       41818      216877    -14065.1      2374.1
 5.96676E+18     -473104    -80084.3      4735.6    -10217.7
 5.96676E+18    -36852.9     -191720     23223.3    -10825.5
 5.96676E+18      387844      227762     -9590.7      5871.3
 5.96676E+18     45688.8      563485    -8030.29     2665.78
 5.96676E+18     -608574     56288.5    -3324.67    -9644.98
 5.96676E+18     -103724    -57293.4     32528.7    -24153.5
 5.96676E+18     18889.1     -129497     30554.2    -2160.43
 5.96676E+18     42614.6      287420    -19589.6    -4690.59
 5.96676E+18      117618     -109704     22647.5     20994.8
 5.96676E+18      154062     -458554     7588.51     6765.09
 5.96676E+18    -24821.6      261899    -17278.3    -10448.1
 5.96676E+18     86041.9      157046    -20139.5       20578
 5.96676E+18    -48930.5     -178176     24510.6    -12516.2
 5.96676E+18      228576     -145715     5824.04     11379.8
 5.96676E+18     30421.5     -123476     32410.8     431.273
 5.96676E+18      178290     -3743.7     9384.42     15501.5
 5.96676E+18    -51508.8      131254    -29847.3    -10789.1
 5.96676E+18     -198419    -27621.6    -1211.54    -25033.1
 5.96676E+18      336980     -115977    -2322.18     16153.6
 5.96676E+18     48993.3    -38752.3     12764.1     52828.9
 5.96676E+18      288651     -284818     6528.91     8728.64
 5.96676E+18      127540     -145631     22152.5       15136
 5.96676E+18     -159739     95502.5    -20747.1    -18485.3
 5.96676E+18     -195591      309188    -6866.58    -13941.5
 5.96676E+18     -219627      594233    -6371.97     -2455.1
 5.96676E+18      204415     -374816     9145.85     9385.21
 5.96676E+18     -132333      101633    -18072.3    -13955.3
 5.96676E+18     -100349     -570279     9900.96    -2598.05
 5.96676E+18     -417331     -317060      6831.1    -8686.63
 5.96676E+18     98797.4    -52092.1     28403.3     15335.5
 5.96676E+18      508519      130066    -6291.05     5381.29
 5.96676E+18     -220920     -115827     7423.96    -15218.6
 5.96676E+18      156049      134773    -4843.46     21263.7
 5.96676E+18     -187939      228979    -11564.6    -3693.95
 5.96676E+18    -50730.7      131268    -34825.2    -1262.13
 5.96676E+18     -245554      253371    -2225.25    -16017.4
 5.96676E+18      605655     -331226     7846.97     5754.05
 5.96676E+18     65029.6     -137543     25253.3       23553
 5.96676E+18     -163745    -93398.6     678.503    -22207.6
 5.96676E+18      379184      294586    -9518.96     6578.81
 5.96676E+18    -20452.1    -99280.3     41547.2    -2755.39
 5.96676E+18    -29571.4     -193773     23978.4    -3708.83
 5.96676E+18     -150044     -145214     24231.3    -11892.5
 5.96676E+18    -40682.3     -117421     28124.1    -18588.3
 5.96676E+18     -181327      -16753     9843.81    -27349.3
 5.96676E+18      163924     -466141     10115.2     4760.76
 5.96676E+18      250029     -494800     7283.16     4479.09
 5.96676E+18      181787      136665     90.7496     23100.9
 5.96676E+18     -206174     -177205     1808.65    -17619.5
 5.96676E+18     73484.9      108697    -26997.9     17033.1
 5.96676E+18      636565      -88607     6613.54     2277.31
 5.96676E+18    -30295.5      140934    -30140.8     -1794.7
 5.96676E+18     26516.3    -64662.3     45911.6     20389.4
 5.96676E+18      251546    -33367.8    -6789.17     20003.7
 5.96676E+18      167648      447016    -8685.02     156.337
 5.96676E+18     39154.5      263259    -15757.4     3712.42
 5.96676E+18     85123.1      221357    -17697.9     8310.88
 5.96676E+18     -631342    -40163.8    -1612.68    -9726.66
 5.96676E+18    -96108.7      571972    -10230.6    -1230.06
 5.96676E+18      182274     -133916     19837.1     11591.5
 5.96676E+18      129610     -137118     26058.6     11174.3
 5.96676E+18    -29816.7     -172414     26111.7    -11697.2
 5.96676E+18     -164741     -362652     14402.8     1407.06
 5.96676E+18      289.71     -196540     22235.2    -3583.26
 5.96676E+18      204895      4601.5    -7988.36     24544.6
 5.96676E+18      129720     -121183     1996.22     24180.1
 5.96676E+18      134814     -458878     7182.56     8323.06
 5.96676E+18      380418      143604    -10128.8     10174.1
 5.96676E+18      101162    -11286.6     16449.4     30610.2
 5.96676E+18     -427326     59626.2     3924.98    -12661.2
 5.96676E+18    -79215.1     -133462     23147.9    -24204.3
 5.96676E+18     80528.4      579035    -8958.01     953.752
 5.96676E+18     -243632      137788     -379.42    -17750.3
 5.96676E+18     -658593     6053.08     1026.22    -5661.66
 5.96676E+18     -454528      169151    -2532.76    -9312.43
 5.96676E+18      218452     -555126     6934.37     3060.65
 5.96676E+18     -668051      153764    -4970.99    -8164.15
 5.96676E+18     62385.2     -128607     28258.3     9528.82
 5.96676E+18     -168122     -105317     2498.75    -26276.7
 5.96676E+18     -187053    -14884.5    -6281.13    -27959.8
 5.96676E+18      235746      174473    -300.694     14224.4
 5.96676E+18     -117367     -299886     15793.2     6029.07
 5.96676E+18      162613      465881    -11999.6     1795.06
 5.96676E+18     -362052     -194433     11521.5    -9002.94
 5.96676E+18    -62721.3      103767    -35602.3    -19088.6
 5.96676E+18      238356     11485.4    -8961.52     15395.2
 5.96676E+18      262372      607518    -6223.74     4322.48
 5.96676E+18     92609.7     -279036     16423.9     12585.8
 5.96676E+18     -346263    -5426.58     6325.21    -16747.4
 5.96676E+18      218499     -251199     4466.48     17594.4
 5.96676E+18      355891     -219386     1622.79     14156.6
 5.96676E+18      238490     -520375     7231.77     2897.05
 5.96676E+18      107034       63008      -31072     19602.6
 5.96676E+18       18894     -210388     14510.3    -13099.9
 5.96676E+18     -198894     -103116     9823.36    -19277.8
 5.96676E+18      204914    -64303.5     12557.5     20905.8
 5.96676E+18     76264.8      219832    -19288.3     1382.07
 5.96676E+18    -40345.4      345825    -13313.5    -7811.11
 5.96676E+18      259439     -505261     9576.18     5234.08
 5.96676E+18      265130      372505      -12620     2969.31
 5.96676E+18     -308883     -146307     3224.53    -6161.29
 5.96676E+18      218436     37762.9    -2802.58     22086.3
 5.96676E+18     76484.8     -214733     17759.1     9701.05
 5.96676E+18     -182372     97921.4    -13165.1    -20165.3
 5.96676E+18     -259710    -61278.4    -8994.45      -11114
 5.96676E+18     24032.3      164695    -30874.6      511.59
 5.96676E+18     51717.7      217022    -19418.5     12565.1
 5.96676E+18      416947     -444039      3358.3     6823.76
 5.96676E+18     -572747      203786    -1158.54    -8405.92
 5.96676E+18      513898      244402    -6437.47     6754.23
 5.96676E+18    -16268.8      213168    -25267.6    -9267.58
 5.96676E+18      435795     -348174     4360.32     9226.82
 5.96676E+18     -142136      153430    -23460.3    -10122.6
 5.96676E+18    -31019.4     -188520     18191.1    -1075.35
 5.96676E+18      163146       10603     22179.3     22316.7
 5.96676E+18      384935     -162403    -1383.46     14406.6
 5.96676E+18      197946    -15756.8     13094.6       23736
 5.96676E+18    -18994.1     -141399       34785    -7313.86
 5.96676E+18    -96515.3     -136767     22139.9    -8280.49
 5.96676E+18      268089     -261165     6342.87     14261.2
 5.96676E+18     -423193      264791    -3218.84    -11473.7
 5.96676E+18     -127993      205269      -20188    -6083.45
 5.96676E+18      176280     -140456     17913.7     12813.1
 5.96676E+18     -179631    -49269.5     20800.8      -21599
 5.96676E+18      221068    -80520.4    -1241.73     23388.3
 5.96676E+18     -480474     -550776     3468.67    -7463.32
 5.96676E+18      144264     -108633     18677.3     21591.9
 5.96676E+18     -152804     -157623       11683    -17434.5
 5.96676E+18      316972      285334      -12939     5968.16
 5.96676E+18      115604     83951.7    -21056.8     29136.1
 5.96676E+18      138039     15342.9       10702     35083.9
 5.96676E+18     -411100      339263    -3763.18    -10000.2
 5.96676E+18     16775.9      205843    -23316.6     1868.29
 5.96676E+18      129801     -196950       21732     6226.88
 5.96676E+18     70459.7      138427    -29642.8     7491.69
 5.96676E+18     -211718     -166803     21929.2     457.206
 5.96676E+18      124068      192068    -6252.67     20941.9
 5.96676E+18      134406     -188210       22283     7317.62
 5.96676E+18     11861.3     -331328     7825.32     -2126.5
 5.96676E+18      276372     94205.5     3176.31     16628.4
 5.96676E+18     33134.3      187960    -24858.2     13856.9
 5.96676E+18    -25625.1     66124.5    -38532.5    -24769.4
 5.96676E+18      -50776    -72417.3     29323.7    -21787.7
 5.96676E+18      364447     -245029     1604.41     13800.3
 5.96676E+18     -309402     50113.5     8478.83    -16821.1
 5.96676E+18      121565      118199    -26418.1     16791.9
 5.96676E+18     -162397      206005    -19841.9    -4234.32
 5.96676E+18     -108953     -664647     6970.09    -2424.13
 5.96676E+18     32687.7     -553991     10220.6     731.233
 5.96676E+18     -206051     -138541     6043.22      -20292
 5.96676E+18    -35829.6      102962    -39500.3    -6983.12
 5.96676E+18     -101223      158339    -27457.2    -10928.8
 5.96676E+18      510365     -143941      1308.1     6859.89
 5.96676E+18    -18737.1      411183      -12709     -6659.8
 5.96676E+18      151443     79383.7    -5356.33     31197.1
 5.96676E+18      119001      116537    -30900.6     11837.8
 5.96676E+18     60125.6     -426647     12718.2     7248.95
 5.96676E+18      209240     17419.2     4406.88     23885.8
 5.96676E+18    -91460.5      437955    -10686.8    -7149.37
 5.96676E+18      146994    -52360.4     5327.18     26402.8
 5.96676E+18     -135022      127320    -16202.5    -12723.7
 5.96676E+18     -464256      285558     1919.35    -9153.83
 5.96676E+18     91244.3      278777    -20924.6    -4072.65
 5.96676E+18      171967     76271.1    -25464.9     16771.4
 5.96676E+18      651699     93065.1    -1798.62     8409.54
 5.96676E+18      120731    -85529.5     23072.2     26836.9
 5.96676E+18      204667    -40391.2     6842.31     9890.88
 5.96676E+18     -111886      -61684     29997.3    -16018.4
 5.96676E+18     11910.7     -174504     29428.1     2990.76
 5.96676E+18     -483311     56982.8     2542.57      -12577
 5.96676E+18     41396.3      217858    -21971.9     4645.39
 5.96676E+18      110238      198373    -14451.4     20005.2
 5.96676E+18     88492.5    -65508.7        9609     40234.8
 5.96676E+18      133268     -155454       23250     12353.3
 5.96676E+18     -103895      459689    -10693.4    -6390.62
 5.96676E+18     -534237      338537    -4837.07    -8386.04
 5.96676E+18    -74553.3     -110596     27805.8    -8655.05
 5.96676E+18     -499206     -405353      6418.4     -6424.2
 5.96676E+18    -18160.3     -675045     8210.48    -851.731
 5.96676E+18     24731.7     -223462     22366.7     11397.8
 5.96676E+18       68900      139365    -16446.3     30289.1
 5.96676E+18      122960     -331893     13030.9     12718.5
 5.96676E+18     -179816      102681    -144.653    -28457.2
 5.96676E+18      136733    -1362960     2659.23    -11601.4
 5.96676E+18     26423.2     -556598       10210     3543.31
 5.96676E+18     -359346      154482     3238.09    -15054.5
 5.96676E+18     -222553      108968    -12337.4    -16197.2
 5.96676E+18     -177077     -152981     13414.1    -17292.1
 5.96676E+18     36982.5      147220    -31423.7      60.278
 5.96676E+18    -17530.5      510283    -10959.6    -2288.44
 5.96676E+18      469270      578650    -5138.35      6333.1
 5.96676E+18      282453     51507.3     1760.55     17722.3
 5.96676E+18    -50287.4     -319797     17702.4     8019.47
 5.96676E+18      680558     -137503     2369.27        7950
 5.96676E+18     -462914     44977.8     4531.74    -12724.7
 5.96676E+18      223696      117619    -7378.33       16501
 5.96676E+18    -16691.1      252099    -20908.8      6989.4
 5.96676E+18      472678     6456.33    -6284.35     11535.5
 5.96676E+18    -32299.4     -172832     24138.4    -5154.42
 5.96676E+18      235853     -361973     8941.97     12005.1
 5.96676E+18     15309.5      295184    -13478.4      1372.8
 5.96676E+18      103890    -51775.8     27010.1     32706.1
 5.96676E+18    -33639.2      115825    -33571.7    -11449.2
 5.96676E+18    -64757.5      230167    -18924.1    -5286.09
 5.96676E+18    -13964.6      222293    -22755.2    -13943.9
 5.96676E+18     -133196     -236308     12779.6    -12437.4
 5.96676E+18     62933.1    -12648.7     8878.07     52674.4
 5.96676E+18      353283      355137    -11568.9     4504.35
 5.96676E+18    -76244.5      114545    -28783.6    -3922.62
 5.96676E+18     -459887      290423    -1773.43    -10917.6
 5.96676E+18      103139      155855    -13825.7     16956.8
 5.96676E+18     -254070     29683.1    -12880.3    -17801.1
 5.96676E+18      527466    -37828.2    -2575.44     11753.9
 5.96676E+18     -499814     -154436     7700.57    -8836.61
 5.96676E+18     -174957    -7581.35     561.626    -17045.7
 5.96676E+18    -40944.7     -193959     21456.3     4655.34
 5.96676E+18     65550.4      195550    -13429.6       24446
 5.96676E+18     -202979     18734.8     3838.66    -21664.5
 5.96676E+18     -577793      224697    -2546.84    -9690.51
 5.96676E+18     69671.8     -286618     12671.4     8111.55
 5.96676E+18      316367     -120721     2633.47     5659.55
 5.96676E+18      207277      152699    -1297.59     19434.2
 5.96676E+18     -522432      457231    -2136.19    -6146.47
 5.96676E+18     -206685     40885.6    -10134.6    -25159.7
 5.96676E+18     -105502     -208006     18452.8    -11161.4
 5.96676E+18      -40653      119165    -27597.7    -23713.6
 5.96676E+18     -318640     -632746     6521.55    -4294.24
 5.96676E+18     -154492    -88146.5     8409.63      -21539
 5.96676E+18      234694     29109.1    -4514.92     21157.3
 5.96676E+18      120424     88232.9    -16730.5     25091.5
 5.96676E+18     -150296    -28824.8     6227.98    -30315.3
 5.96676E+18      146688     -171272     22674.7     7914.23
 5.96676E+18       33510     -160001     31535.8       12968
 5.96676E+18     -171366      -87664     21305.7    -16671.5
 5.96676E+18      203978     -447717      4862.5     10230.9
 5.96676E+18     -193477     -281806     19019.5    -1107.03
 5.96676E+18      106373     -332399     12260.1     11852.5
 5.96676E+18     -169205     -163010     11431.4    -20228.1
 5.96676E+18     -212754      157139    -9652.58    -15682.8
 5.96676E+18     -446494     12785.1     5589.81    -13373.7
 5.96676E+18      172672     -219127     17682.2     7280.05
 5.96676E+18     -103321       62468    -27737.8    -20649.4
 5.96676E+18     -125809     26687.2    -4236.65    -32554.6
 5.96676E+18     -129678     28118.3    -14801.4    -36082.6
 5.96676E+18      183399      223172    -12524.1     1698.81
 5.96676E+18     -118745       58502    -23055.4    -31508.9
 5.96676E+18      139715    -87143.3     15066.8     25190.1
 5.96676E+18     -156761      422447    -8835.51    -9658.91
 5.96676E+18      130129    -46283.4     26408.3       18418
 5.96676E+18     56489.9      571842    -6978.09    -5032.24
 5.96676E+18     5977.99      183725    -23624.1     319.752
 5.96676E+18    -39086.3      148998      -29404    -8773.49
 5.96676E+18      489320     77856.8    -7434.07       10345
 5.96676E+18     -170600      495499    -8923.84    -5974.21
 5.96676E+18      246777      455935    -12013.1    -36.8686
 5.96676E+18    -32338.4     -135146     33172.4    -4252.99
 5.96676E+18    -7512.46     -192179     30137.4    -2369.48
 5.96676E+18      335396      104699    -14497.6     11626.1
 5.96676E+18     -176241      102478     -3535.7    -11928.2
 5.96676E+18     71457.3      648877    -8644.15    -903.787
 5.96676E+18      295932     -256551     5455.17     14738.1
 5.96676E+18      156798    -56676.1     7332.87     27685.1
 5.96676E+18     49569.7      192187    -17500.1     16635.9
 5.96676E+18     -121592     -284706     7766.76    -16163.5
 5.96676E+18      179663     13995.4    -3838.16     14479.2
 5.96676E+18      116052      187002    -12204.4     14436.7
 5.96676E+18      204063     -514327     4819.77     6919.97
 5.96676E+18     -176546     69504.1     178.448    -23975.3
 5.96676E+18     -243422     11735.9     1762.59    -20163.9
 5.96676E+18      129019    -71225.4     19070.6     26054.4
 5.96676E+18    -53075.6      270081    -16400.6    -4893.88
 5.96676E+18     38960.2     -102445     34837.8    -10164.3
 5.96676E+18      170206    -63452.9     11434.4     29400.1
 5.96676E+18     54112.5     -167673     31483.9    -2163.66
 5.96676E+18      229385      207669    -19818.4     7600.19
 5.96676E+18     -183438      208735      -10503    -20582.3
 5.96676E+18    -37956.6     -197262       29374     3738.79
 5.96676E+18     -114961      480291    -8846.86    -9352.44
 5.96676E+18     -257917     -116797     16876.3    -15270.8
 5.96676E+18      125448     -101446     19796.8     21115.5
 5.96676E+18    -35845.7      287298    -18713.1    -12076.1
 5.96676E+18     -175727    -26375.9    -17510.2    -23811.1
 5.96676E+18     20749.8      200478    -21077.6     838.307
 5.96676E+18     80602.2     -110249       30826     9009.03
 5.96676E+18     -323531     30549.1    -2262.42    -14279.1
 5.96676E+18      169257      319163    -9806.75     2452.46
 5.96676E+18      222914     -581819     7647.35     6146.43
 5.96676E+18     39802.5     -323562     11748.4     2989.12
 5.96676E+18      415961      445124    -8417.93     4362.48
 5.96676E+18     51283.1      408298    -14293.3    -7311.99
 5.96676E+18     6474.77      302850    -18713.4    -8893.23
 5.96676E+18    -23992.6      141797      -35945    -4974.97
 5.96676E+18      167667     -844331     7765.56    -942.883
 5.96676E+18      302447    -19738.8    -8522.77     13574.6
 5.96676E+18      248016      149383    -3688.51     18885.6
 5.96676E+18      250361      154505    -8870.26     14965.6
 5.96676E+18     40074.6     -504657     10735.5     4078.54
 5.96676E+18      101787    -60882.6     8775.58     32530.3
 5.96676E+18     37724.6      127836    -33026.6     7937.32
 5.96676E+18     -187746    -67934.9     16275.2    -20947.4
 5.96676E+18      103526     -128055     29804.8     10327.4
 5.96676E+18    -14093.1      108213    -35906.9    -11240.3
 5.96676E+18      191154     71394.7    -3813.51       21902
 5.96676E+18     99061.9      -52319    -9029.45     34218.3
 5.96676E+18    -42597.8      281299    -19122.6      -12266
 5.96676E+18     -139037     44004.4    -15701.2    -33442.5
 5.96676E+18     -117459      195957    -25403.9    -5412.48
 5.96676E+18     -244823      375972     -5570.3    -13312.9
 5.96676E+18    -36620.9      138866    -31796.6     10232.5
 5.96676E+18      329999      -51383    -6592.05     18753.9
 5.96676E+18      149243     -223592       18821     3853.87
 5.96676E+18     -116220     -362393     17055.6      4369.7
 5.96676E+18      105492     -219941     18640.7     10259.2
 5.96676E+18      235739      354018    -15424.5    -1154.72
 5.96676E+18       58646     -146707     27462.2     3467.58
 5.96676E+18      146875     81261.8    -12357.8     28539.2
 5.96676E+18     -171294      -66306     15843.9      -10280
 5.96676E+18     -286081      243169    -11869.2    -3452.46
 5.96676E+18      421159     -255966     1965.11     13454.8
 5.96676E+18     -161760     -466581     12608.2     2990.22
 5.96676E+18     -218665     21295.3    -9916.87    -25019.3
 5.96676E+18      271700     -220472     4235.26     17331.3
 5.96676E+18    -24814.8     -214633     27667.4     6115.83
 5.96676E+18    -53277.8     -174366     27622.2    -15518.1
 5.96676E+18     -178710      185393    -20988.2    -8001.78
 5.96676E+18     88908.7     -221381     20013.8     16974.2
 5.96676E+18      299010    -79679.7     8792.44     14964.8
 5.96676E+18      145119    -80452.4     9868.13     32459.8
 5.96676E+18     3246620     1669500     34266.5     18193.3
 5.96676E+18    -67481.9      297516    -13342.3    -8477.64
 5.96676E+18      103952      108851      -27094     24117.1
 5.96676E+18      442558    -10547.6    -7963.66     12921.9
 5.96676E+18     -200050     22092.7     7103.64    -28898.5
 5.96676E+18      213126      140838    -5811.17     22154.8
 5.96676E+18      273910     44436.8    -21655.7     8420.05
 5.96676E+18      146100      215944    -24129.8     5019.76
 5.96676E+18      139539      438693    -14314.8    -2647.13
 5.96676E+18     -272935      207608     312.169    -17911.7
 5.96676E+18     -216920    -78600.8     17510.4    -18255.7
 5.96676E+18      285070      -44369    -6175.48     21930.2
 5.96676E+18      135292      289516    -11021.9    -5738.85
 5.96676E+18      149321      384393    -15960.2    -3431.63
 5.96676E+18     10801.3      134370    -32127.7     2455.78
 5.96676E+18     41022.8     -231402     15298.5     2448.35
 5.96676E+18     57832.5      127970    -23802.5     19024.3
 5.96676E+18     -184593    -31701.8     21264.4    -16731.4
 5.96676E+18     -201329     66759.7     1190.22    -24511.4
 5.96676E+18     -231395    -27107.6    -9582.77    -22388.6
 5.96676E+18    -73736.2     -332856     7588.44    -559.396
 5.96676E+18      158796     10956.4     18986.9     29457.8
 5.96676E+18     -190823    -22809.5     12082.3    -20575.3
 5.96676E+18      246921      144527    -4402.33     18339.7
 5.96676E+18      142568      479033      -13038    -3038.77
 5.96676E+18     -112593      123101    -18880.1    -19641.7
 5.96676E+18    -59373.4     -149050     25786.6    -16579.5
 5.96676E+18      208617      325675    -6547.77     7424.57
 5.96676E+18     85712.2      156817    -20294.2     6312.14
 5.96676E+18     -159304    -59114.5     4725.99    -27416.4
 5.96676E+18     -252552     -175279     4134.25    -17377.5
 5.96676E+18     -134752      359326    -10090.7    -3950.62
 5.96676E+18     -242005      445504    -6776.61    -9465.23
 5.96676E+18     -434611     -428299     9714.81    -2786.49
 5.96676E+18     -177846      372872    -6860.08      -14050
 5.96676E+18    -32141.5     -332209     13110.7     3763.54
 5.96676E+18     -136579     76647.9    -17342.3    -14442.1
 5.96676E+18      175145    -69033.4     21353.7       18290
 5.96676E+18      289154     -223099     2878.51     18475.4
 5.96676E+18     -145073     76894.1    -11105.7    -27612.4
 5.96676E+18     29150.5      459811    -9918.26    -10257.4
 5.96676E+18     6720.94     -319021     16447.3     -8134.7
 5.96676E+18      425360       86166    -10147.8     11620.6
 5.96676E+18     -167201     99672.7     216.685    -30562.1
 5.96676E+18     36591.6      273858    -12145.6    -20075.9
 5.96676E+18     21859.2      110307    -35641.1    -3168.42
 5.96676E+18      265990     -278584     13120.5     2175.86
 5.96676E+18    -21940.6      214897    -25194.2     10839.7
 5.96676E+18    -4450.84      249576    -19421.2    -5631.06
 5.96676E+18      196516     82068.5    -18946.8     21893.7
 5.96676E+18    -52106.3    -43775.9     43959.9    -26346.6
 5.96676E+18     -175250     35338.5     4075.77    -32002.6
 5.96676E+18      -78375      142771    -27780.8    -7842.08
 5.96676E+18      195267     -297520     13906.6    -999.052
 5.96676E+18     -126694      206759    -15416.8    -15258.9
 5.96676E+18     -159575      -67012     12903.2    -30622.5
 5.96676E+18      228643      210871    -21454.8     90.7721
 5.96676E+18     132.204     -162987     24787.3    -9290.89
 5.96676E+18     -421875     -164192     13018.5    -7422.45
 5.96676E+18      -58508      120380    -29303.1    -14258.1
 5.96676E+18     -132028      188238    -10869.9    -20041.7
 5.96676E+18     -141060      108621    -14830.7      -18254
 5.96676E+18     98407.2     -226627     9238.45     380.603
 5.96676E+18       21435     -224711     23217.9    -8274.28
 5.96676E+18      251760    -3666.56    -12315.8     22538.7
 5.96676E+18     99859.7      187984    -26952.3    -1572.52
 5.96676E+18       69389     -110723       23702      7367.5
 5.96676E+18      507067     -362834     473.081     9678.33
 5.96676E+18      436240      437972    -8831.73     2410.04
 5.96676E+18     -167149    -26384.1    -5281.69    -28584.1
 5.96676E+18     67836.2      366772    -8536.47     10616.5
 5.96676E+18    -31145.8      394142    -11798.5      -11321
 5.96676E+18     -224977     1531.56     10188.5    -25944.9
 5.96676E+18     -150536     -472761     13360.1     3000.76
 5.96676E+18      166910     -168205     24448.1     1550.35
 5.96676E+18     19028.8      313718    -19221.7     -8851.4
 5.96676E+18     62513.9      166677    -20941.4     9095.45
 5.96676E+18     -210675     -133288     7749.47    -12176.1
 5.96676E+18     31050.9      192437    -26530.7     14962.1
 5.96676E+18     -314689      246328      -12309    -3565.48
 5.96676E+18    -21744.7      533795    -11081.5    -5764.05
 5.96676E+18      146363     68739.2    -14501.6     20503.3
 5.96676E+18      250365     -255884     8413.58     10338.5
 5.96676E+18    -87102.5      188535    -20675.9    -8198.27
 5.96676E+18    -47049.4      237749    -17933.4    -19186.8
 5.96676E+18     11612.7     -224827     17812.8    -987.019
 5.96676E+18     -131006     49013.1     1627.09    -32024.5
 5.96676E+18     62343.7      102658    -36139.9     5833.81
 5.96676E+18     62209.7    -20445.5     519.434     58450.7
 5.96676E+18     -283991      329920    -2872.48    -7637.25
 5.96676E+18      212012     -109109     20490.2     14962.4
 5.96676E+18     -546959    -28893.5     7161.31    -9804.53
 5.96676E+18     8415.66      240350    -21156.1    -12772.6
 5.96676E+18     -138272    -28302.8     9986.76    -24864.3
 5.96676E+18    -53492.9      248541    -17912.6       16047
 5.96676E+18     9980.19      106915    -25316.5      8953.6
 5.96676E+18     -116259      239961    -23251.9     2176.23
 5.96676E+18      387196      222477    -13530.5     6799.77
 5.96676E+18     -167646      332404    -14850.9     589.158
 5.96676E+18     -186544     -204050    -731.873    -22767.1
 5.96676E+18     -231761    -25366.3     13172.1    -23909.2
 5.96676E+18    -41805.4     -154561     27535.1    -7914.39
 5.96676E+18      221566     -276495     4377.22     18873.3
 5.96676E+18    -69406.3     -179996     25313.9    -17155.6
 5.96676E+18     -105176      170911    -20680.1    -10066.5
 5.96676E+18      229559      201751    -7712.02     16928.4
 5.96676E+18      528503     68742.4    -8512.64     9440.48
 5.96676E+18      189827      197760    -9916.15     12354.3
 5.96676E+18      645392      179658    -7306.54     4555.02
 5.96676E+18    -19633.8     -177315     31285.1     8610.14
