502
2838000
1.60E+24 1419000       0       0 21242.6
3.20E+20 1569620  377140 15054.5   15230
3.20E+20 1493930 21990.8 10409.5-14228.3
3.20E+20 1441280-31877.8-42938.9 -8763.8
3.20E+20 1468560-38830.4-25393.4-11165.4
3.20E+20 1555980-37724.2-7276.64-5180.17
3.20E+20 1102780 -330946-11039.9 31791.1
3.20E+20 1398160-3094.07-10449.2 91636.2
3.20E+20 1411860  227769 21629.9   21921
3.20E+20 1137970 -254998  -11269 33661.9
3.20E+20 1587180 33178.6 4829.13-3236.48
3.20E+20 1447180-52883.3-37243.4 1396.24
3.20E+20 1371470  275132 19265.1   24571
3.20E+20 1315880 -316773-17019.2   26783
3.20E+20 1026270-53011.4-2195.16 37505.3
3.20E+20 1035680-34135.8-1477.15 37829.7
3.20E+20 1426960 -119039  -29842 19248.2
3.20E+20 1062610  309799 9862.66 32588.4
3.20E+20 1575380 -134315  -14825 3982.25
3.20E+20 1490770 -201642-21036.9 13755.1
3.20E+20 1191090 -188394-12103.7 35885.3
3.20E+20 1189440  139395 10346.5 38281.4
3.20E+20 1400570   -3670-14712.8 95143.8
3.20E+20 1566230 51868.1 8688.13 -3418.9
3.20E+20 1376130 38901.3 28854.6 53038.9
3.20E+20 1586520 -321934  -15212 13326.8
3.20E+20 1594990 -400760-14296.9 14964.1
3.20E+20 1484410  202846 21297.2 14375.5
3.20E+20 1325160  -32663-10773.6 52194.2
3.20E+20 1478770 7040.29 4926.67  -20580
3.20E+20 1666990  358930 12867.7   12352
3.20E+20 1018110 -176774   -6297 35522.9
3.20E+20 1617100  191347 13675.9 7084.42
3.20E+20 1418360 -103587-32096.6 21442.3
3.20E+20 1126240 -227279  -10406 34646.4
3.20E+20 1449930-57538.3-35602.2 2106.21
3.20E+20 1222640 64229.5 7065.97 42844.3
3.20E+20 1816980  223508  7487.4 7910.48
3.20E+20 1705470-35906.4-2391.09 2165.81
3.20E+20 1424770   36949 52779.1 12994.3
3.20E+20 1054760  138720 5889.39 36706.3
3.20E+20 1014450  172252 6103.31 35576.6
3.20E+20 1361420 -195672-21943.8 27699.6
3.20E+20 1322900  236174 18949.7 28953.3
3.20E+20 1283150 25256.9 5079.91 48565.6
3.20E+20 1481720  166186 22932.4 12587.5
3.20E+20 1544960-42531.3 -9063.6-5600.69
3.20E+20 1428910-17116.5-63572.7-15560.3
3.20E+20 1336390 -115715-22298.2 37161.3
3.20E+20 1363380-14410.9-10809.4 62962.5
3.20E+20 1447380 -177433-24064.6 17393.8
3.20E+20 1100110-77709.5 -4269.2 38761.7
3.20E+20 1380400 44820.5 32186.2 48960.5
3.20E+20 1190200  -17579-1651.98 42744.3
3.20E+20 1370550  111566 27169.3 33041.9
3.20E+20 1586320-20000.9-2986.85-3744.89
3.20E+20 1488630 81235.9 23979.3 689.258
3.20E+20 1098430  241086 9804.06 34278.9
3.20E+20 1521710  423137 15213.8 17549.8
3.20E+20 1204890 -310838-13847.7 30781.2
3.20E+20 1381490  139360 26258.5 28310.5
3.20E+20 1710750-50359.2-3229.41 2533.41
3.20E+20 1538790 -156291-18476.6 7080.63
3.20E+20 1770050-15138.7-750.842 3831.24
3.20E+20 1649410-83243.5-7092.03 1612.86
3.20E+20 1429600  322222 18184.1 20644.5
3.20E+20 1535090  136486 18590.3 5430.83
3.20E+20 1807610  242852 8087.28 8301.23
3.20E+20 1366600  265611 19478.8 25085.6
3.20E+20 1281790 -170907  -17207 35057.2
3.20E+20 1445650 -195499-23043.8 18101.3
3.20E+20 1636930  349108 13660.2 12715.3
3.20E+20 1510030  307906 17483.2 16073.8
3.20E+20 1535560 -152591  -18735 6931.95
3.20E+20 1277100  149916   16513   36873
3.20E+20 1468890 45355.6 26761.6-8195.28
3.20E+20 1423490 -273660-19743.8 20918.9
3.20E+20 1416590 -178802-24427.4 21572.5
3.20E+20 1485790-92532.6-24796.7 3345.49
3.20E+20 1433210 -237293-21150.2   19976
3.20E+20 1466990-32336.5  -23998-14371.2
3.20E+20 1509670 42934.2 13959.1-8235.51
3.20E+20 1424990-6872.71-81536.9-49857.4
3.20E+20 1146380 76998.3 5275.44 39921.1
3.20E+20 1389360-48539.3-36971.1 43817.2
3.20E+20 1598910 -220195-15002.3 8985.05
3.20E+20 1324960  243636 18859.1 28521.6
3.20E+20 1275710  204803 16930.3 33088.3
3.20E+20 1213580-28147.8-3080.02 43719.9
3.20E+20 1461960 -422760-15766.3 19640.3
3.20E+20 1505840 81527.5 20488.2-579.659
3.20E+20 1188360  177656 11683.5 36410.6
3.20E+20 1394870 -264753  -19953 23061.2
3.20E+20 1386750 -283816-19205.5 23424.8
3.20E+20 1557300 -107259-15133.7  1729.8
3.20E+20 1524650 -136640-19664.3 6037.76
3.20E+20 1466000-6557.67-6552.69-25723.6
3.20E+20 1334700 -258293-18840.7 27391.7
3.20E+20 1833500  205132 6737.82 7627.95
3.20E+20 1766250-73947.4-3611.12 4285.25
3.20E+20 1294270  433199 14785.5 25499.9
3.20E+20 1374910  105047 28221.9 33087.2
3.20E+20 1319590 -247337-18565.4 28704.2
3.20E+20 1530410-31114.6-8170.45-8012.41
3.20E+20 1365910 9882.64 8134.49   64945
3.20E+20 1461140 -169266-24002.2   15267
3.20E+20 1575180-50940.3-7903.63 -2989.1
3.20E+20 1344110-94676.8-23319.9 39688.5
3.20E+20 1474720  147454 24339.9   12045
3.20E+20 1361710 39596.4 22258.2 53445.4
3.20E+20 1620470  237015 14112.7 9246.53
3.20E+20 1475580  410769 15892.8 19053.3
3.20E+20 1384560  -37887-33783.9 51951.3
3.20E+20 1341790  293078 18145.7 26023.2
3.20E+20 1044310 -265413 -8812.3   33683
3.20E+20 1466070 26098.2 21595.1-17701.9
3.20E+20 1238380  295360 14978.5 30402.2
3.20E+20 1000370 44400.4 1679.29 37075.7
3.20E+20 1496780 -202030-20720.5 13265.7
3.20E+20 1019810 -246960-7932.86 34065.3
3.20E+20 1253450-48834.3-7035.16 45092.2
3.20E+20 1345330 56263.8 20595.5 48208.1
3.20E+20 1435740-63327.4-39024.6 10929.7
3.20E+20 1343080 66885.7 21468.2 45611.4
3.20E+20 1349320  154066 22890.2 31595.3
3.20E+20 1479430  165759 23106.8 12818.7
3.20E+20 1106740  349138 11250.8 31305.1
3.20E+20 1295150-20618.4-4787.92 50001.7
3.20E+20 1530070 83284.7 16633.3-939.871
3.20E+20 1418630-2746.75 -194411 47736.4
3.20E+20 1706220 5585.93 374.768 1972.28
3.20E+20 1357970 31321.3   18008 56333.5
3.20E+20 1258080 -159118-15268.8 36684.2
3.20E+20 1888640-36157.4-1155.46 6234.76
3.20E+20 1400950  121871 29114.3 25554.2
3.20E+20 1379260-35414.2-29792.8 54670.4
3.20E+20 1508080  389451 15932.6 17598.4
3.20E+20 1396680  439853 15546.5 22031.6
3.20E+20 1536470  179513 18663.2 9030.14
3.20E+20 1390280-52137.3-37089.8 41670.4
3.20E+20 1649500-43951.7-3994.43 294.061
3.20E+20 1390750 14104.7 25967.5 73255.6
3.20E+20 1383310 -149556-25626.2 27357.4
3.20E+20 1575760 -382074-14872.1 15140.7
3.20E+20 1302460  127962 18358.8 37962.6
3.20E+20 1738490  315304 10830.7 10267.9
3.20E+20 1555420 -188407-17349.2 8680.71
3.20E+20 1656740  117627 8895.11 3264.34
3.20E+20 1505830  323631 17236.7 16617.8
3.20E+20 1149740 -371228-12348.7 30199.2
3.20E+20 1429050 85840.2 34901.2 17155.1
3.20E+20 1819980 87438.8 3435.64  5487.2
3.20E+20 1604920 32905.3 4143.34-2168.02
3.20E+20 1540140 -135708  -18069 5112.94
3.20E+20 1069440-85603.7-4095.99 37968.5
3.20E+20 1078430 41602.8 2138.55   38749
3.20E+20 1347260  102994 23926.8 37908.6
3.20E+20 1142760-2986.91-212.507 40896.1
3.20E+20 1060910 -294493-9636.84 32960.6
3.20E+20 1033500-85850.7-3573.23 37287.7
3.20E+20 1082390  275009 9913.73 33376.8
3.20E+20 1140720 -126083-7713.41 38266.8
3.20E+20 1480610  265329 19280.7 16765.3
3.20E+20 1452170 18621.1   25932  -24945
3.20E+20 1622910  327558 14118.9 12453.5
3.20E+20 1500590 -202158-20517.6 12962.1
3.20E+20 1403210 5138.27   24800 97470.3
3.20E+20 1307890-38150.1-9787.52   49749
3.20E+20 1659900-26952.5-2332.97 390.453
3.20E+20 1035910  246342  8279.3 34117.7
3.20E+20 1716550 70431.1 4303.18 3062.92
3.20E+20 1157790  214969 11286.6 34956.9
3.20E+20 1554590-91000.6-14245.9 15.7772
3.20E+20 1355090   99422 25277.7 37490.6
3.20E+20 1501690-4375.67-1897.05-14607.2
3.20E+20 1419020-5095.73 -144715 20618.2
3.20E+20 1418600-305.083 -278795  387502
3.20E+20 1624190  216458 13727.9 8229.02
3.20E+20 1075470  108627 5188.78 37652.2
3.20E+20 1397620  197270 23056.2 23741.8
3.20E+20 1176760 -229964-12306.9 34206.2
3.20E+20 1744720 -261018-9999.12 8764.83
3.20E+20 1160230 -333968-12563.5   30977
3.20E+20 1431650-4957.32-32322.7  -61266
3.20E+20 1419930 960.765  202764 -175327
3.20E+20 1516800-71093.3-17469.5-2788.37
3.20E+20 1392720  254804 20303.7 23336.3
3.20E+20 1008170 79222.9 3024.07 36924.5
3.20E+20 1263760-38614.2 -6234.8 46307.7
3.20E+20 1422430 1636.13 72175.9 -130020
3.20E+20 1421560 -387936-16585.5 21133.3
3.20E+20 1353240-42320.7-19991.5 52307.1
3.20E+20 1135730 -340816-11934.1 31161.7
3.20E+20 1605390  151135 13281.8 4862.13
3.20E+20 1494480  348633 16905.1 17582.5
3.20E+20 1429990  251838 20556.2 20345.7
3.20E+20 1693140  169155 9557.93  5752.5
3.20E+20 1440140 84496.4 33957.5 12748.5
3.20E+20 1424480 2212.31 50314.6 -103373
3.20E+20 1394440-23595.8-38781.7   61609
3.20E+20 1006210  199324 6634.67 34982.8
3.20E+20 1027410 -129874-5062.94 36508.2
3.20E+20 1088770 25141.1 1362.73 39141.8
3.20E+20 1207180 78093.6 7520.92 41642.4
3.20E+20 1786660-15170.4-702.085 4227.14
3.20E+20 1566700-34393.9-6016.55-4594.11
3.20E+20 1173080 94876.7 7242.49 40015.3
3.20E+20 1606780-20044.7-2523.24 -2395.3
3.20E+20 1336210  169482 21372.7 31682.7
3.20E+20  998563-97891.8-3565.51 36556.2
3.20E+20 1407210-76289.8-36745.1 26922.3
3.20E+20 1402840-48498.5-43348.9 35683.9
3.20E+20 1686020-41141.5-3026.58 1599.44
3.20E+20 1820220  106388 4109.71 5743.72
3.20E+20 1276070  447638 14356.2 25826.4
3.20E+20 1002910-51030.1-1942.22 37079.3
3.20E+20 1749560 -329822-10677.8 10540.9
3.20E+20 1216630  147286 12150.7 37937.9
3.20E+20 1620720 5286.25 602.472-1746.91
3.20E+20 1728980  225231 9810.03 7741.31
3.20E+20 1243310-53618.3-7035.94 44296.6
3.20E+20 1312700 -105984-18826.7 40124.5
3.20E+20 1421710 23172.5 67177.8   13399
3.20E+20 1132080 -267651-11249.7   33302
3.20E+20 1695920 -204394-10457.1 7075.07
3.20E+20 1726970 -153049-7839.64 5467.32
3.20E+20 1348570  399103 15980.5 24062.7
3.20E+20 1552160  -59039-10971.2-3502.13
3.20E+20 1371560 31668.5 24013.1 57218.2
3.20E+20 1551670-62915.5-11551.9-3116.72
3.20E+20 1344860 56103.7 20444.5 48258.8
3.20E+20 1538140  164940   18565 7832.22
3.20E+20 1564720 -219053-16769.1 10087.6
3.20E+20 1490600  168258 22229.1 11782.9
3.20E+20 1500140 -248664-19202.7 14976.9
3.20E+20 1481540-22582.5-13606.4-16438.6
3.20E+20 1671930 -120149-8376.81 3608.67
3.20E+20 1335000 38169.4 14069.5 52205.6
3.20E+20 1609010  156614 13241.1 5177.79
3.20E+20 1526760  221268 18721.6 12125.2
3.20E+20 1183380-38450.2-3405.14 42109.3
3.20E+20 1378200  250773 20228.9 24534.1
3.20E+20 1683750 29616.3 2225.14 1351.59
3.20E+20 1185110 -275718-13101.5 32356.5
3.20E+20 1401050  292850 19036.2 22409.2
3.20E+20 1414960 90261.9 34333.7 22777.6
3.20E+20 1525320  160694 19627.1 8256.52
3.20E+20 1497320-14637.1 -6723.9-14733.6
3.20E+20 1313360 -360729-16170.8 25978.3
3.20E+20 1121850 45068.5  2825.7 39873.2
3.20E+20 1346540 31264.3   14568 55007.2
9.60E+24       0       0       0       0
3.20E+20  189623  159404 32715.1-38917.1
3.20E+20  -84848 2780.12 2844.14 86801.7
3.20E+20   44617  269756 47744.4-7896.86
3.20E+20  -90510  146697 51870.5 32003.2
3.20E+20   52978 -202381-53521.1-14010.5
3.20E+20  117440 3404.86 2139.45-73793.3
3.20E+20  -43204  100646 70260.5 30160.6
3.20E+20  218744-64881.7-15064.4-50788.5
3.20E+20  231962 -115126-22106.6-44541.7
3.20E+20 -245603   45405 9204.62 49789.2
3.20E+20  107843 37955.7 24845.5-70593.5
3.20E+20  -34762 -234406-51419.5 7625.43
3.20E+20  116852-23021.5-14173.4-71941.2
3.20E+20  -47306 -112482-66774.2 28082.9
3.20E+20  101988 26430.6 19557.3-75466.1
3.20E+20   74771  169874 53759.4-23662.4
3.20E+20 -153513-15316.3-6396.02 64106.2
3.20E+20 -147390 -191666-40794.4 31370.7
3.20E+20   21457  271169 48366.6-3827.11
3.20E+20   16586 24724.4  121789-81699.2
3.20E+20     273-2866.07 -469477-44710.6
3.20E+20    3587  -33385 -137304  -14753
3.20E+20  170598 9965.52 3569.66-61108.5
3.20E+20   28227  185312 57779.8-8801.22
3.20E+20   -6298-5917.12 -186379  198388
3.20E+20 -256708 -136683-22052.5 41417.3
3.20E+20  241663 98542.6 18702.8-45866.2
3.20E+20 -242576  121027 21697.4 43488.3
3.20E+20 -220623-18171.2-4414.72 53600.8
3.20E+20  244545-25124.9-5216.08  -50769
3.20E+20 -154918 20953.5 8578.24 63422.4
3.20E+20 -170404 81552.8 25132.8 52514.9
3.20E+20   -1307 12901.8  221080 22388.8
3.20E+20  -49347-1615.42   -3726  113820
3.20E+20  -44130  143552 62413.9 19186.9
3.20E+20  -23971 -255011-49779.9 4679.38
3.20E+20 -163216-55574.4-19642.6 57688.2
3.20E+20  227156  188290 29729.5-35866.2
3.20E+20  -11648   28266  133807 55139.3
3.20E+20 -138731 -128845-39575.4 42611.7
3.20E+20   46652 -273607-47347.8-8073.12
3.20E+20  -76894-9516.99-11166.2 90219.3
3.20E+20    6815 2107.68 88521.2 -286227
3.20E+20   42761-78298.3-74353.4-40606.8
3.20E+20 -283046  106180 16164.8 43090.8
3.20E+20  146630  132813 38192.4-42165.5
3.20E+20  110373 75917.5 39180.7-56962.9
3.20E+20  -91460  274393 44637.2 14878.3
3.20E+20  -18766 41509.5  108031 48840.7
3.20E+20  126010 -198136  -44064-28023.6
3.20E+20   -1583 52720.3  110133 3305.85
3.20E+20 -133084  120796 40116.1 44196.9
3.20E+20  134440-27958.4-13903.6-66856.4
3.20E+20  -14989-32906.1 -121101 55162.2
3.20E+20    6915 11323.6  187483 -114498
3.20E+20 -147176  256042 40369.5   23205
3.20E+20 -255236 38012.2 7337.77   49270
3.20E+20  -73777 -167089-54163.9 23915.7
3.20E+20  -73098 79322.5 56657.9 52211.8
3.20E+20   41684 26880.7 61576.9-95488.2
3.20E+20  -52834 30701.2   51431 88507.9
3.20E+20 -148205-43567.7-18158.2 61768.9
3.20E+20   94354 17221.6 14670.8-80379.1
3.20E+20 -262643 -128615-20579.1 42024.4
3.20E+20 -123776  114306 41824.8 45290.1
3.20E+20   26774  260271 49210.4-5062.29
3.20E+20  -30090-58662.4  -87688 44978.1
3.20E+20   78426-1901.15-2189.43-90318.4
3.20E+20  -31362-49069.2-88353.7 56470.9
3.20E+20   48742  229673 51085.1-10841.4
3.20E+20   -3944-54269.5 -108194 7863.12
3.20E+20  132723-2392.47-1251.76-69441.7
3.20E+20   86803 -118259-53260.2-39093.2
3.20E+20   18139   62277 95391.8-27784.6
3.20E+20   58684 -281909-46166.5-9610.36
3.20E+20  -37054-6323.35-21955.3  128656
3.20E+20 -311447 -6259.3-910.998 45328.9
3.20E+20 -242159-38385.2-8000.72 50473.7
3.20E+20   -7290-6932.64 -173856  182820
3.20E+20   59837 -198376-53221.9-16053.6
3.20E+20   95228 53012.1   37282-66971.1
3.20E+20 -224287-11673.3-2775.28 53323.1
3.20E+20   29026 -183357-58007.9-9182.95
3.20E+20   26061 -245045-50688.8-5390.93
3.20E+20   13059-23403.2 -134980-75318.9
3.20E+20 -264102-33658.2-6199.89   48648
3.20E+20    3373-956.434 -116592 -411158
3.20E+20  174065-71994.3-22283.9-53877.2
3.20E+20  -25741 28579.2 95871.7 86350.9
3.20E+20   -2423-177.128-37436.5  512048
3.20E+20 -194684-18247.4-5340.19   56975
3.20E+20 -138720 52471.7 23246.6 61457.2
3.20E+20    3616 712.522 80590.8 -408968
3.20E+20   56227  293623 45454.1-8704.14
3.20E+20   92489 30001.8 25039.2-77190.7
3.20E+20    -415 -1312.4 -650323  205622
3.20E+20 -146442  178256 40708.4   33443
3.20E+20 -241460  178828 27474.6 37097.2
3.20E+20  -36818-32695.5-75719.7 85267.7
3.20E+20   92579  104355 50680.5-44961.4
3.20E+20   73954  270301 46106.4-12614.7
3.20E+20  -59047 -203496-52794.7 15319.1
3.20E+20    1089 6175.75  314685-55501.4
3.20E+20   -9544  -25912 -142892 52632.1
3.20E+20 -101321  125201 49013.3 39664.8
3.20E+20  189672  189983 34562.2-34505.7
3.20E+20 -108253-50261.1-30844.9 66434.5
3.20E+20   43682  181714 56912.3-13681.1
3.20E+20 -113968 -236228-44501.5 21469.7
3.20E+20  277449  115245 17709.3-42634.6
3.20E+20   91047  292975 43626.9-13557.8
3.20E+20   32477-59673.7-85271.3-46408.3
3.20E+20  149816  175437 40063.2-34212.2
3.20E+20 -274313 45033.3 7775.01 47360.2
3.20E+20   -7311-1670.05-65078.1  284875
3.20E+20  121983-6888.79-4081.81-72278.8
3.20E+20  -10899  233250 52309.1 2444.28
3.20E+20  -41678-83520.7-74109.7   36982
3.20E+20  -18022 7818.05 71849.4  165627
3.20E+20   13435-59716.6-99785.7-22449.6
3.20E+20   87714 -225685  -47932-18629.2
3.20E+20  -18629-66839.8-92536.8 25790.4
3.20E+20  -54906  200697   53508 14638.6
3.20E+20 -149324 -123043-36582.9 44396.6
3.20E+20  131643 -274743-41344.4-19810.2
3.20E+20 -193897  221116 35083.3 30764.6
3.20E+20   56726 -177539-55832.8-17839.3
3.20E+20 -175056 81430.3 24289.4 52216.5
3.20E+20   23312  120614 70884.9-13700.3
3.20E+20  -42924  103790 69773.8   28856
3.20E+20   37639-56686.8-80814.5-53659.1
3.20E+20   92789  104940 50650.1  -44785
3.20E+20  -59372-96075.7-64052.6 39582.8
3.20E+20   87893-97677.8-51891.7-46693.5
3.20E+20    3682 36079.7  132188  -13489
3.20E+20  -33322 -234996-51426.1 7292.18
3.20E+20 -161452  144343 36241.2   40537
3.20E+20  -19123 24407.1  113120 88629.4
3.20E+20   31795 77584.9 80861.6-33138.2
3.20E+20  -75530 67324.5 52933.7 59384.9
3.20E+20   42192   42516 73389.1-72829.9
3.20E+20   23335 46473.9 99165.3-49792.4
3.20E+20   14117-90706.7-82524.6-12843.5
3.20E+20 -142817 -109112-36236.8 47430.1
3.20E+20  -36722 11463.4 38444.7  123154
3.20E+20  214337 -114992-24256.3-45212.2
3.20E+20    3162 -178949-59804.3 -1056.8
3.20E+20   47303-7610.02-18362.1 -114138
3.20E+20  142666 31275.5 14178.5-64676.9
3.20E+20   24579  135674 67055.2  -12148
3.20E+20  -72465-896.736 -1163.1 93990.4
3.20E+20  -22808 70426.2 88479.8 28654.7
3.20E+20  -15828-64814.6-95169.1   23240
3.20E+20   18296 27827.3  115862-76177.4
3.20E+20  110376  -14609-9950.66-75180.4
3.20E+20   86524 56493.3 43035.8-65912.9
3.20E+20  -22678 17688.4 91769.4  117654
3.20E+20  -65031 49508.2 53615.2 70425.9
3.20E+20  215661 -159852-29082.8-39236.4
3.20E+20  -90120 -216757-48225.5 20050.4
3.20E+20   73060 76808.7 56313.2  -53565
3.20E+20  -85611 51752.8 41388.9 68466.9
3.20E+20 -246495 -124124-21663.7 43021.3
3.20E+20  -16173 1628.27 19881.7  197478
3.20E+20  112268-92552.2-42198.3-51187.5
3.20E+20 -227121 98597.6 20250.8 46647.9
3.20E+20  175186  156796 34804.6-38886.6
3.20E+20   29292 11735.1   52975 -132233
3.20E+20   49340-27969.3  -52399-92435.4
3.20E+20  275441-33665.4-5827.88  -47682
3.20E+20  196514 -105225-25299.7-47248.7
3.20E+20   69687  137124 57518.9-29231.3
3.20E+20 -146125 -234545-40856.3   25454
3.20E+20  125432  143217 43627.9-38210.1
3.20E+20   -6512-9524.69 -194474  132955
3.20E+20  141178 -100685  -35284-49474.2
3.20E+20  -54464-76713.1-67268.8 47759.2
3.20E+20  137648-69024.3-28905.7-57643.7
3.20E+20   54023 75641.1 67541.4-48237.9
3.20E+20  -58929 39936.4 53206.8 78510.8
3.20E+20   79054-87439.3-54671.2-49428.1
3.20E+20 -139659 61261.4 26029.2 59339.5
3.20E+20  224175  -75454-16597.5-49311.6
3.20E+20   94473 83185.4 47133.1-53528.9
3.20E+20  -82524 55867.3 44936.2 66377.7
3.20E+20 -221558-36393.4-8656.01 52696.6
3.20E+20  -57263 61472.1 63881.1 59506.8
3.20E+20  -43578  171240 58338.7 14846.2
3.20E+20 -131156-28967.2-14890.5 67420.5
3.20E+20   -8601 17491.8  162647 79976.1
3.20E+20  -38877 43754.1 78187.7 69473.2
3.20E+20   17824  278950 47764.8-3051.97
3.20E+20  -72700 32009.1 36178.7 82170.7
3.20E+20   76767 -254233-47006.8  -14194
3.20E+20 -297490-96524.6-13964.5 43038.7
3.20E+20   -8148-26869.8 -144516 43821.4
3.20E+20    1873 5037.43  323521 -120311
3.20E+20  228419  204630 30489.7-34034.2
3.20E+20  186150  166534 33758.9-37735.5
3.20E+20  134734  144284 41625.4-38870.4
3.20E+20  113923-96987.7  -42408-49812.8
3.20E+20  -96649  -94452-48111.1 49230.1
3.20E+20 -243638 -144652  -24269 40876.5
3.20E+20   29665-26035.1-84016.2-95730.7
3.20E+20   50829 -182381-56020.1-15612.7
3.20E+20 -263380 -120074-19510.4 42795.7
3.20E+20  -13598-6363.67-87532.8  187048
3.20E+20  -28347-23827.7-84611.6  100659
3.20E+20  230301 91163.1 18713.7-47275.6
3.20E+20    2619-249.589-46804.2 -491121
3.20E+20   12871-252.302-4371.05 -222983
3.20E+20  -16694  133844 68370.8 8527.76
3.20E+20 -115304 73790.3 36865.4 57605.7
3.20E+20  -27969 49415.5   92417 52306.9
3.20E+20 -264553 26028.4 4805.49 48843.2
3.20E+20 -204820 -158063  -30394 39384.9
3.20E+20  -19721-36882.7 -109114 58342.9
3.20E+20   30731 -163133-61033.6-11497.6
3.20E+20   46425 -124911  -64976-24149.1
3.20E+20  230136   51127 11302.6-50876.2
3.20E+20   29802  249101 50162.7-6001.48
3.20E+20   -3278 23173.7  163776 23164.8
3.20E+20 -166854 -217491-38346.5 29418.4
3.20E+20   11285 93065.5 82044.6-9948.38
3.20E+20  -51043 -132793  -62622 24070.7
3.20E+20   -9260 -298469-46284.5 1435.92
3.20E+20  164840 75130.7 24657.1-54098.9
3.20E+20  156694 -150976-37639.1-39064.5
3.20E+20  -93533  155386 50907.4 30643.2
3.20E+20  191615  184618 34036.6-35326.7
3.20E+20 -138504   81165 31931.4 54489.3
3.20E+20 -212661  197661   31972 34398.3
3.20E+20   15812 39278.9  114077-45922.6
3.20E+20  173718-24557.4-8456.06-59817.9
3.20E+20 -260756-99065.9  -17016 44788.4
3.20E+20 -123775-9596.99-5551.79 71602.8
3.20E+20    1922 -236009  -52085-424.065
3.20E+20  156106-12233.3-4995.95-63752.1
3.20E+20  -84314 -214823-49033.5 19244.6
3.20E+20  -15180  204033 55789.2 4150.83
3.20E+20  -30574 -197135-55985.4 8682.94
3.20E+20 -137432-44140.7-20367.1 63412.8
3.20E+20   40317 41397.2 75411.6  -73444
3.20E+20 -124986  109060 40848.8   46814
3.20E+20  -20326 68935.7 90536.4 26694.7
3.20E+20    7649 24739.9  150232-46448.6
3.20E+20   20819 -154103  -63592 -8591.1
3.20E+20  -99442 58628.9 37825.5 64156.7
3.20E+20   37897 -211880-53690.4-9603.17
3.20E+20  -40959 -235079-51032.9 8891.81
