 843
 2838000
 1.6E+24           0           0           0           0
   1E+19     43066.8    -33413.3    -27123.4    -34959.6
   1E+19     -153645     -355766    -15234.8     6579.45
   1E+19     57682.7      -13460    -9645.64    -41336.2
   1E+19     28518.9    -18635.7    -30616.2    -46853.2
   1E+19       96430     -143947    -20619.3    -13812.8
   1E+19    -96459.1     38891.1     11978.3     29709.1
   1E+19     -262382     88638.2     6282.64     18597.6
   1E+19     77801.1     96879.1     22850.6    -18350.7
   1E+19    -12341.6     38749.5     48811.1     15546.2
   1E+19    -58757.1      406914     15945.9     2302.55
   1E+19     -227051      208408     12583.2     13708.9
   1E+19      101399     -264101    -18132.1    -6961.68
   1E+19      8628.9     -115040      -30330    -2274.99
   1E+19     -204521     -174482    -12931.3     15157.6
   1E+19    -60458.3    -30804.1    -18004.2     35336.3
   1E+19     67967.7     -302919    -18090.9    -4059.18
   1E+19      347976     -218661    -8573.77    -13644.3
   1E+19      122383    -57050.9    -11878.2    -25480.7
   1E+19      136041      340172     15847.1    -6337.52
   1E+19      104652     73833.4     16640.8    -23586.8
   1E+19      213932     -253640    -13708.8    -11562.7
   1E+19      241025     -396819    -12958.1    -7870.65
   1E+19     -125062     -163594    -18085.8       13826
   1E+19     79887.3      113831     22675.1    -15913.5
   1E+19     5203.74     2516.94       59163     -122319
   1E+19      131149      148770       17401    -15339.9
   1E+19     9033.35    -48932.1    -45541.8    -8407.46
   1E+19     -105149     -320888    -16893.7     5535.77
   1E+19      322368     -218035    -9277.38    -13716.7
   1E+19     1011.94     2143.66      191875    -90576.6
   1E+19     88054.3    -82960.7      -20367    -21617.5
   1E+19     -373898       48520     2165.08     16684.3
   1E+19     6432.19     6864.42       77722    -72828.1
   1E+19      340797      303859     10174.4    -11411.2
   1E+19     -400839    -67096.8    -2675.27     15982.2
   1E+19     6582.28    -87783.5    -34720.8    -2603.48
   1E+19     30968.6      -34986    -35786.2    -31676.9
   1E+19     93077.9     -169297    -20595.5    -11323.2
   1E+19    -94926.1      143926     20768.9     13698.1
   1E+19     6497.12     58968.5     42158.2    -4644.97
   1E+19    -300.072     -248552    -20721.2     25.0163
   1E+19    -10689.3    -32251.3    -53198.7     17632.1
   1E+19      105259     58818.3     14512.3    -25970.5
   1E+19      105432    -45574.6    -12094.5    -27979.4
   1E+19     -267875      364107     12376.6     9105.52
   1E+19     -372513     80916.6     3551.66     16350.7
   1E+19    -11065.6    -21147.8    -59247.1     31001.1
   1E+19     39578.3      262564     19823.8    -2988.19
   1E+19      328288      186875     8315.08    -14607.3
   1E+19     20581.6    -40314.9    -43246.3    -22078.2
   1E+19      250407      325341     12776.6    -9833.81
   1E+19      300390    -97786.8    -5689.41    -17477.2
   1E+19      238059      332483       13135    -9404.76
   1E+19    -76611.2    -24861.3    -11235.6       34623
   1E+19     -412953     -108246    -4009.02     15294.2
   1E+19    -24212.7     98209.7     31537.4     7775.27
   1E+19      -12980     37181.7     49147.5     17157.2
   1E+19     9034.89      237047       21195    -807.831
   1E+19       10056      209499     22531.1     -1081.5
   1E+19     82512.5    -1621.02    -706.328    -35953.2
   1E+19     -193174      162121     13224.3     15757.3
   1E+19      335337      104091     5168.32    -16650.2
   1E+19    -76838.7      112270     23112.9     15818.7
   1E+19      253716    -35189.5    -2804.18    -20218.2
   1E+19      126397     9273.25     2123.25    -28940.5
   1E+19      143810     -126975    -15610.6    -17680.3
   1E+19      308604    -59963.6    -3514.29    -18086.4
   1E+19     -147550     99235.1     13671.9     20328.5
   1E+19     79646.9     -311590    -17648.8     -4511.3
   1E+19      351514      179423     7476.01    -14646.5
   1E+19    -9406.68    -13894.1    -66040.1     44710.8
   1E+19      111958     -150048    -19135.8    -14278.2
   1E+19      183316    -10566.2    -1387.27    -24068.1
   1E+19     -102447     71593.3     16738.5     23951.9
   1E+19     6429.58      179272     24375.2    -874.214
   1E+19      174232      177427     14781.1    -14514.9
   1E+19     -387722     -163454    -6186.64     14675.1
   1E+19     13169.9     -2716.6      -17997    -87248.7
   1E+19      288222     -267104    -11201.7    -12087.3
   1E+19     8400.19    -38403.7    -50899.5    -11133.5
   1E+19      111945     -187087    -18985.4      -11360
   1E+19    -79275.9     57265.6     19343.6     26778.3
   1E+19      360674     82461.7     3785.36    -16556.5
   1E+19     -248869    -15933.3    -1321.73     20644.5
   1E+19    -19406.6       14446     39658.5     53276.5
   1E+19    -23418.2      125006     28472.3     5333.92
   1E+19     -139922     -357771    -15522.5     6070.75
   1E+19      227800     -385659    -13290.4    -7850.31
   1E+19     66522.3    -25716.8    -13948.3    -36080.4
   1E+19      109879     -216270    -18699.5    -9500.59
   1E+19     22733.1       13370     32248.3    -54832.1
   1E+19      262273     -211905    -11180.7    -13838.3
   1E+19      376969      174203     6724.77    -14552.1
   1E+19     45446.6      159037     24423.4    -6979.25
   1E+19     -220752     -351928    -13577.7     8516.78
   1E+19      220134      402195       13383    -7324.94
   1E+19     -221037      288646     13602.8     10416.6
   1E+19      335526     90375.2     4557.94    -16921.8
   1E+19      348566      295884     9886.97    -11647.4
   1E+19     -416219     71541.5     2692.86     15666.7
   1E+19     2430.69     3775.22      129625    -83459.4
   1E+19      127166    -58744.9    -11575.3    -25057.3
   1E+19      -47111    -82508.7    -29104.5     16618.2
   1E+19     -412283    -89078.9    -3359.26     15547.6
   1E+19     48114.3    -3543.12    -3454.11    -46905.5
   1E+19      392071      231951     7793.33    -13173.2
   1E+19      432815     45298.3     1630.06    -15574.8
   1E+19     82052.2      2659.4     1167.96    -36035.9
   1E+19    -72812.3     56947.7     20932.8     26764.3
   1E+19      -55206     37557.2     22487.6     33054.9
   1E+19     -209595    -18533.3    -1983.66     22433.4
   1E+19     18792.8     -167203    -25027.2    -2812.94
   1E+19    -76557.5     -262287    -18971.6     5537.52
   1E+19     -306142     -168863    -8438.26     15298.3
   1E+19     -427425     -167929    -5574.46     14188.5
   1E+19     3371.17    -21095.1    -69793.9    -11153.6
   1E+19     24439.1     15904.6     32998.6    -50705.8
   1E+19      272638     71758.8     4952.23    -18815.4
   1E+19    -27939.8     88174.8     32380.7     10260.4
   1E+19      200247     -175468    -13194.4    -15057.8
   1E+19     1917.94     -121106    -29679.7    -470.036
   1E+19     29519.3    -42441.2    -37299.6    -25943.2
   1E+19      134090     32919.2     6628.51    -26999.9
   1E+19    -87083.5     72138.5     19597.5     23657.5
   1E+19     85173.9      445196     15070.9    -2883.32
   1E+19     30489.1    -45513.6    -36669.6    -24564.6
   1E+19     43586.3     5429.98     6093.67    -48913.8
   1E+19      154088      424418     14450.9    -5246.52
   1E+19     66768.1     33581.7     16979.2    -33758.5
   1E+19    -71131.3     -136578    -23348.6     12160.2
   1E+19     -268295     90860.5     6226.07     18384.5
   1E+19      262037     -307896    -12372.6    -10529.8
   1E+19     -165045    -82232.4    -10728.5     21532.6
   1E+19     -394437     97874.6     3902.69     15727.9
   1E+19       70903    -40312.2    -17878.4    -31445.5
   1E+19      191210    -35075.6    -4227.48    -23045.6
   1E+19      197633    -31606.2    -3646.52    -22801.7
   1E+19    -44926.8      323396     17907.3     2487.71
   1E+19    -10486.4    -11437.4    -61127.5       56045
   1E+19     -121172     1246.44     305.248     29674.7
   1E+19     -230825      -94423    -7832.11     19146.3
   1E+19    -10766.9      -17175    -61476.9     38539.5
   1E+19      403260      155772     5661.54    -14656.5
   1E+19     89162.3      203506     20074.2    -8795.13
   1E+19     -215783     -311224    -13795.3     9564.82
   1E+19     17544.7    -12207.1      -40357    -58003.4
   1E+19      413305     -229343    -7290.66    -13138.7
   1E+19     96670.8     57381.2     15726.7      -26495
   1E+19      110802     90209.4       17255    -21193.9
   1E+19    -8773.51    -89653.5    -34255.9     3352.28
   1E+19     -134144     -192706    -17497.5     12180.1
   1E+19     4143.04    -30040.8    -58766.5    -8104.72
   1E+19      373604      267913     8878.78    -12381.5
   1E+19    -78474.3     -174827    -21529.3     9663.82
   1E+19      3862.4     -219806    -22029.4    -387.096
   1E+19      328924     -312617    -10564.8    -11115.9
   1E+19      135782      239815     17124.3    -9695.68
   1E+19     -170734      324937     15094.3     7931.12
   1E+19     -269679     -237969    -11397.3     12916.1
   1E+19      129908    -27777.6    -5926.51    -27716.8
   1E+19     55921.8      -79392    -27102.2    -19090.1
   1E+19      103969     41077.3     11353.3    -28735.9
   1E+19     32029.4      -93916    -31039.5    -10585.8
   1E+19     56726.7    -44406.1    -23724.7    -30307.2
   1E+19     -259571      356470       12576     9157.48
   1E+19      129396      336432     16059.7    -6176.76
   1E+19      111661     -139306    -19077.1    -15291.2
   1E+19      140080      266927     16660.6    -8743.29
   1E+19      314227      245150     10065.6    -12901.9
   1E+19     -409665     71220.3        2744     15783.7
   1E+19      231514      107219     8594.77    -18558.4
   1E+19     43865.8    -1657.75    -1862.04    -49271.4
   1E+19      109656      182173     19194.2    -11553.6
   1E+19     -172584      183104     14986.7     14125.6
   1E+19      162400     -302833    -15530.7    -8328.59
   1E+19      142352     -108397    -14795.7    -19430.4
   1E+19    -5990.66    -55514.8    -43465.8     4690.44
   1E+19     -124547     -262932    -17308.7     8198.87
   1E+19     -444747     66160.5     2266.85     15238.3
   1E+19    -75795.8      393212     16029.7     3089.91
   1E+19    -61422.3     65930.9     25180.3     23458.4
   1E+19     -106680      321981     16837.6     5578.72
   1E+19     94374.4     -452443    -14875.4    -3102.84
   1E+19     25993.3      135776       27289    -5224.27
   1E+19     -318642     -211959    -9248.82       13904
   1E+19    -43713.6      413586     15930.2     1683.73
   1E+19     -115594     37202.4     9082.15     28219.7
   1E+19    -30115.3      130164     27535.4      6370.7
   1E+19      300906     -103944    -5978.04    -17305.7
   1E+19     -115496      160753     18857.2     13548.3
   1E+19     -115764      399891     15379.4     4452.15
   1E+19     -131788      222874     17475.4     10333.4
   1E+19      9686.7     -103175    -31950.5    -2999.71
   1E+19     26483.7    -48100.9    -38619.1    -21263.1
   1E+19      315268    -26212.9    -1521.86    -18303.7
   1E+19     -164520     33903.7     5087.39     24686.9
   1E+19      201322      408697     13729.7    -6763.16
   1E+19    -16142.9      151801       26292     2795.95
   1E+19     -361445    -16856.8    -800.069     17155.1
   1E+19    -15987.2    -15298.6      -48014     50175.3
   1E+19      353020      309263     9936.62    -11342.6
   1E+19     -186460      318642     14674.2     8586.92
   1E+19    -41248.6     -152623    -25081.3     6778.59
   1E+19    -74801.6     1429.12      721.45     37761.4
   1E+19     -201268      344470     14121.5     8250.96
   1E+19     89446.4       46275     14958.1    -28912.9
   1E+19    -84364.6    -78895.2    -20761.6     22200.9
   1E+19       67756     -373899      -16490    -2988.23
   1E+19    -10166.4     -122759    -29333.9     2429.31
   1E+19      280760      370855     12076.6    -9142.73
   1E+19     -329022      215989     9036.54     13765.6
   1E+19     72166.1    -91287.1    -23756.8    -18780.7
   1E+19     -266253     9874.88     741.763     19999.9
   1E+19      127488     -122330    -17015.8    -17733.3
   1E+19     44706.9     38710.9     27807.5    -32114.7
   1E+19     -394367    -15664.1    -652.624     16430.8
   1E+19     10068.7     -294113      -19032    -651.541
   1E+19     1153.34      133065     28318.2    -245.448
   1E+19    -51605.6    -29630.5    -21086.7     36725.4
   1E+19       35863      341388     17535.7    -1842.14
   1E+19      305015    -88477.6    -5106.91    -17605.4
   1E+19      155402     99769.5     12987.3    -20229.2
   1E+19     2607.23     12944.9     88129.5    -17750.2
   1E+19     2517.97     35629.5       54525    -3853.34
   1E+19      213849      -17013    -1768.84    -22233.9
   1E+19     38548.8     35845.7     30661.3    -32973.5
   1E+19     -215401     59940.7     5857.06     21047.7
   1E+19     63743.5      285364       18645    -4164.86
   1E+19     26853.9     -201828    -22694.3    -3019.55
   1E+19     -312171     -249478    -10202.3     12766.1
   1E+19     75976.8     65549.4     21303.2    -24692.1
   1E+19     -345068      170806     7385.64     14920.7
   1E+19     23796.5    -4347.54    -11937.2    -65338.9
   1E+19     52984.6     -166555    -23547.5    -7490.94
   1E+19      372548    -32312.6    -1459.76    -16830.3
   1E+19      103351     -456182    -14731.6    -3337.54
   1E+19      119349    -87762.2    -15900.4    -21623.2
   1E+19     -142786      125817     15655.6     17767.2
   1E+19    -34809.2     37665.9     33500.8       30960
   1E+19     46825.5    -48208.8    -28584.6    -27764.4
   1E+19     31935.4    -39335.6    -35630.2    -28927.2
   1E+19     -210418     -214403      -13452       13202
   1E+19     -297281      356541     11645.3     9709.75
   1E+19      118559      114376     17671.5    -18317.8
   1E+19    -37225.7     9647.64     13216.2       50995
   1E+19      363427    -98462.4    -4402.47    -16249.6
   1E+19     19530.1     19653.9     44022.8    -43745.6
   1E+19     -330599     -289681    -10268.8     11719.3
   1E+19    -3769.54    -6665.15     -102760     58116.7
   1E+19      147698      207286     16676.4    -11882.4
   1E+19     -335755     26258.2     1387.93       17747
   1E+19      134116      364701     15553.9    -5719.86
   1E+19     -344135     -285815    -9868.28     11881.9
   1E+19    -68323.2     68448.4     23510.6     23467.6
   1E+19     -359395    -28367.8    -1353.84       17152
   1E+19      250042     -293211    -12662.6    -10798.3
   1E+19     -200429      138209     11885.4     17236.1
   1E+19    -59041.2     -360377    -16870.1     2763.85
   1E+19     70194.2    -14645.7    -7879.57    -37765.3
   1E+19     -149644     -234366    -16511.8     10542.9
   1E+19     -143315    -29944.3    -5521.83     26427.7
   1E+19      227750     97677.3     8179.62      -19072
   1E+19      143225     -416089    -14725.1    -5068.63
   1E+19     -338223     32860.4     1713.69     17638.5
   1E+19    -69939.6    -16280.5    -8740.15     37546.8
   1E+19    -7409.53      118574     29912.9     1869.22
   1E+19       74219     26655.4     12434.2    -34621.8
   1E+19    -38672.1    -17365.3    -20553.2     45771.4
   1E+19      274029     57836.1     4031.16    -19099.8
   1E+19       11827     11837.7     56495.1    -56444.1
   1E+19      107737     -286125    -17484.7    -6583.67
   1E+19     -169393    -49198.9     -6860.5     23620.9
   1E+19    -24941.6       35932     40577.5     28166.2
   1E+19     -183810     -390260    -14229.4     6701.95
   1E+19      170973      144243     14084.6    -16694.6
   1E+19     -147155      191414     16667.9     12813.9
   1E+19    -9819.51      300756     18822.1     614.532
   1E+19     -442078     -115402    -3860.27     14787.7
   1E+19      441066     22213.8     781.926    -15525.5
   1E+19     -136870      111755     15543.1     19036.2
   1E+19     -237352     -265375    -12904.7     11541.9
   1E+19     -307376    -53556.9    -3174.63     18219.9
   1E+19      110934       31010     8194.48    -29314.6
   1E+19    -6568.73    -8915.25    -79033.1     58231.4
   1E+19     92770.1     4468.73     1630.95    -33858.2
   1E+19     92763.3     -188830    -20214.9    -9930.65
   1E+19     12941.8    -6279.95    -37602.2    -77491.3
   1E+19     31095.3     -113562    -29037.4    -7950.99
   1E+19    -83619.9      352924     16691.4     3954.77
   1E+19    -28462.1      452415     15313.3      963.38
   1E+19     42080.2      316728     18116.8    -2406.98
   1E+19     -100620      105651     19584.7     18652.2
   1E+19      1323.9     4441.91      145418    -43341.4
   1E+19     -147745    -78431.7    -11843.4     22309.9
   1E+19     22488.6      411602     16066.2    -877.805
   1E+19    -16193.5    -17548.8      -49131     45336.6
   1E+19       73416      364667     16604.8    -3342.93
   1E+19    -54716.5     -262581    -19527.5     4069.12
   1E+19    -5339.22      2310.9     53797.1      124295
   1E+19     -261549     -298706    -12334.8     10800.4
   1E+19      387038     -227373    -7810.18    -13294.6
   1E+19     -270479    -772.676    -56.7436     19863.4
   1E+19     96087.1     89307.8     19417.9    -20891.9
   1E+19     -285957     -353916    -11912.5     9625.03
   1E+19      153089      245718     16295.7    -10152.7
   1E+19    -40887.5      432694     15600.4     1474.17
   1E+19     46196.1      243391     20391.2     -3870.3
   1E+19      199977    -58414.5    -6346.04    -21725.1
   1E+19     -347335    -86230.7    -4160.83     16759.7
   1E+19    -14715.3     52790.2     42508.1     11849.2
   1E+19    -67277.6      151184     23201.7     10324.8
   1E+19    -60484.3     -193231    -21909.8     6858.12
   1E+19     36026.3      -64453    -33185.2      -18549
   1E+19      230187      200614     12283.2    -14093.8
   1E+19     -208681      394206     13670.8     7236.92
   1E+19     12154.6      289414     19177.4    -805.397
   1E+19     -363544     -184723    -7328.26     14422.4
   1E+19      317819     21305.1     1224.26      -18263
   1E+19     -272026     7031.15     511.701       19797
   1E+19     65553.7      127419     24267.2    -12484.8
   1E+19      331447     -109998    -5506.22    -16591.4
   1E+19     -142786      322860     15901.2     7032.38
   1E+19     -373613     -161331    -6419.75     14866.9
   1E+19     43522.8     42174.5     29202.1    -30135.7
   1E+19     -365512      -52824    -2431.47     16824.4
   1E+19    -7330.72     13310.1     73407.2     40429.9
   1E+19    -15257.9     61683.7     39782.7     9840.52
   1E+19     77763.4     -232320      -19792    -6624.86
   1E+19    -69231.1      -73265    -23649.8     22347.6
   1E+19      391225     -169530     -6290.4    -14516.4
   1E+19     -125169     -241202    -17589.8     9127.98
   1E+19      185633     30606.4     3874.49    -23499.5
   1E+19     -212507      184131     12757.6     14723.6
   1E+19      3785.4      426882     15810.4      -140.2
   1E+19     -357490     -247269    -8913.49     12886.7
   1E+19     -220843     -289083    -13610.5     10397.7
   1E+19     -137844     -148881    -16828.8     15581.3
   1E+19      158191     -127602    -14386.8    -17835.7
   1E+19     -165355     -392405    -14588.7     6147.49
   1E+19      -38378    -30302.3    -28950.1     36665.5
   1E+19     -1844.3     6623.04      120024     33422.7
   1E+19    -84666.5     -288638    -18074.3     5301.74
   1E+19     -246278     -259642    -12529.1     11884.2
   1E+19     -291345     -180015    -9278.86     15017.3
   1E+19      241569    -45724.1    -3874.73    -20470.9
   1E+19      184733    -11033.3     -1431.7    -23971.3
   1E+19    -27406.4      203319     22603.1      3046.8
   1E+19      266653     -101518    -6881.13    -18074.3
   1E+19    -33459.2     -246914      -20508     2779.03
   1E+19     -111636     -113465    -18457.4     18159.8
   1E+19     65842.1      147250     23481.5    -10499.6
   1E+19     79197.3      -86828    -22264.2    -20307.5
   1E+19     -200602      149109     12326.7     16583.7
   1E+19     -119875     -103252    -16949.8     19678.5
   1E+19     -335033     -148129    -6901.98     15610.7
   1E+19      274637     81060.1     5464.92    -18515.5
   1E+19     41113.5    -38031.3    -29642.1    -32044.5
   1E+19      340034     -230188    -9037.41    -13350.1
   1E+19    -98858.7     -144786    -20375.8     13912.4
   1E+19     29606.2     65584.5     35100.4      -15845
   1E+19       19827      407303     16158.2    -786.562
   1E+19    -72921.2      -50441    -19736.3     28532.2
   1E+19     96676.2     627.846     215.766    -33223.8
   1E+19      135631      255279     16967.8    -9015.13
   1E+19    -32780.7    -24844.2    -30766.9     40595.5
   1E+19     34546.9     -115801    -28477.1    -8495.57
   1E+19    -52075.7      178704     22988.3     6698.98
   1E+19      226631     -390439    -13297.4    -7718.49
   1E+19     29360.8     23840.9     33484.3    -41237.1
   1E+19     70363.2     -368910    -16558.6    -3158.27
   1E+19     -119799    -95675.2    -16464.4     20615.7
   1E+19     -268083      127597     8147.96     17118.9
   1E+19     -202884     21855.2     2449.34     22737.4
   1E+19     23998.3      462969     15152.1    -785.419
   1E+19      120633      388237     15472.3    -4807.56
   1E+19    -71044.3     37074.6     16883.3     32352.6
   1E+19      230465    -75120.3    -6502.56    -19949.5
   1E+19    -28759.9     -279615    -19382.7     1993.61
   1E+19    -28184.3     63069.3     35884.7     16036.1
   1E+19      119160      283688     17170.3     -7212.2
   1E+19     -150909    -29752.8    -5095.16     25843.1
   1E+19     -224985     -223554    -12929.3       13012
   1E+19     -396076     -127152    -4895.86     15250.5
   1E+19     -230144     -174347    -11609.3     15324.7
   1E+19      100796    -2783.93    -898.189    -32520.2
   1E+19      245963      375990     12897.4    -8437.13
   1E+19    -415.084    -68342.3    -39515.4     240.001
   1E+19     46564.8     -190815    -22645.1    -5526.11
   1E+19     80356.8    -10191.8    -4567.12    -36009.2
   1E+19     -304516      113806     6342.92       16972
   1E+19    -84980.9    -31316.8    -11869.7     32209.5
   1E+19    -70508.5     72712.7     23303.3     22596.9
   1E+19      336782     99110.9     4922.29    -16726.1
   1E+19     -281519     70410.7     4653.03       18604
   1E+19      359314    -33947.1    -1617.41    -17119.5
   1E+19      401576      166456     5999.64    -14474.2
   1E+19     -114573     -330342      -16506     5724.81
   1E+19    -41647.7     24522.5     23842.3     40492.6
   1E+19     -138759     -369326      -15396     5784.43
   1E+19     -377564      180039     6874.95     14417.6
   1E+19    -93302.6    -95246.5    -20210.3     19797.8
   1E+19      397390     33160.2     1360.36    -16302.5
   1E+19      204008     -362124    -13960.8    -7865.04
   1E+19     65073.3       75990     24807.7    -21243.8
   1E+19     -105128     -404940      -15459     4013.37
   1E+19     -270482    -11061.8    -811.329     19838.5
   1E+19    -8844.07    -8990.51    -65578.8     64510.6
   1E+19      366768      170448     6845.96    -14731.1
   1E+19     -275492    -22906.6    -1628.08     19580.5
   1E+19     -278555     -141362    -8364.67     16482.6
   1E+19      306829      151437     7816.29    -15836.7
   1E+19      428636      142816     4858.23    -14581.1
   1E+19    -93555.9      136284     20947.6       14380
   1E+19     -214467      191989     12842.7     14346.3
   1E+19     -294139      203774     9834.65     14195.9
   1E+19     22297.2     26515.5     42478.9    -35720.9
   1E+19     91540.9     76117.1     19142.4    -23021.3
   1E+19     -289362      208913     10122.2     14020.1
   1E+19     89624.6      349090     16667.2    -4279.09
   1E+19    -58971.3     -105480    -25938.6     14501.7
   1E+19    -69144.3      6262.1     3536.29     39046.7
   1E+19     99782.1     -334731    -16751.2    -4993.46
   1E+19     -189141      194394     14217.1     13832.9
   1E+19    -46634.5    -10605.8    -10475.7     46062.1
   1E+19      121469      381648     15554.7    -4950.66
   1E+19     -248290    -32510.6    -2680.23     20469.5
   1E+19     4922.09     12215.2       83496    -33644.6
   1E+19    -97635.2     74982.3     17933.5     23351.4
   1E+19    -10372.7     5051.92     42112.3     86465.9
   1E+19    -22013.1     20662.2     40689.4     43349.7
   1E+19    -23824.5     35805.4     41472.2     27595.2
   1E+19     1421.69    -17844.2    -76968.7    -6132.27
   1E+19     -150257    -54299.1    -8783.85     24306.7
   1E+19     -122629     -356063    -15916.6     5481.72
   1E+19     -144821     -132684    -15746.6       17187
   1E+19     4706.25     12797.6     83031.8    -30534.5
   1E+19      164663     -178248    -15404.1    -14230.1
   1E+19     -261669      212629     11219.6     13807.3
   1E+19     -326987     32742.1     1795.49     17931.2
   1E+19      445813     88600.8     2986.86      -15029
   1E+19      145784     -100034    -13900.5    -20257.8
   1E+19     -271399    -97973.7     -6530.1     18089.2
   1E+19      199515    -36199.8    -4095.58    -22572.8
   1E+19    -64795.4     48038.3       21663     29219.7
   1E+19    -26200.3     929.845     2262.89     63761.6
   1E+19      211082     -246732    -13775.8    -11785.4
   1E+19     -438431      114987     3892.72     14842.4
   1E+19     -157940     92636.8     12214.2     20824.4
   1E+19     70990.1     -416139    -15673.3    -2673.74
   1E+19     -275206      225018     10967.4     13413.6
   1E+19    -86799.6      411638     15584.6     3286.23
   1E+19      181381     -306461    -14897.5     -8817.2
   1E+19     -131279     -313023    -16351.6     6857.72
   1E+19     -111110     -261058    -17845.4     7595.26
   1E+19    -41167.6      118319       27566     9591.21
   1E+19     -111549    -42691.4    -10684.2     27916.9
   1E+19    -83486.8     -251422    -19048.1     6325.08
   1E+19     93113.1      138389     20986.4    -14120.4
   1E+19       21897    -41293.1    -42215.5    -22386.1
   1E+19    -35127.3     -461831    -15135.7     1151.23
   1E+19      255653     -388022    -12654.9    -8337.87
   1E+19      278036      268805     11546.4      -11943
   1E+19    -63542.9      -13948     -8683.7     39560.5
   1E+19     -385549      194355     7076.97     14038.8
   1E+19    -11228.5      256673     20361.5     890.739
   1E+19     59218.8     52149.1     24304.8    -27599.8
   1E+19     -112792      439392     14856.3      3813.6
   1E+19     62996.2    -12513.2    -7941.74    -39981.7
   1E+19     20247.9    -55342.1    -39964.6    -14621.8
   1E+19     20010.4      228242     21499.6    -1884.91
   1E+19      366602     11311.2     526.053    -17049.6
   1E+19     -234066     -208402      -12271     13782.1
   1E+19    -52672.7    -8053.28    -6763.81     44238.8
   1E+19     -190379     -424879    -13816.4     6190.83
   1E+19      230871     -120485    -9365.85    -17946.7
   1E+19      142120       33272     6163.65    -26327.8
   1E+19      269515     -165451    -9610.61    -15655.5
   1E+19     15774.9     -448747    -15407.1    -541.609
   1E+19      140415    -7693.13    -1507.06    -27506.8
   1E+19      -28539     -126500    -27983.8     6313.28
   1E+19     -161769      221399     15929.1     11638.9
   1E+19      299755     -130800    -7224.53    -16556.5
   1E+19      105800      297005     17331.2     -6173.8
   1E+19     -152041     86196.8       12187     21496.3
   1E+19      118870      163756     18584.9    -13490.7
   1E+19     25605.5    -31187.7    -39746.9    -32632.6
   1E+19     90071.8     12395.4     4670.76    -33940.5
   1E+19     7344.37     25618.8       60830    -17438.7
   1E+19     30005.8     2886.24     5697.01    -59227.1
   1E+19    -57235.2      217087     21082.2     5558.35
   1E+19     -336536      177870     7824.15     14803.6
   1E+19     -150959     -311645    -15799.3      7653.1
   1E+19      268044     -125867    -8069.05    -17183.7
   1E+19     -1057.4     892.969      179164      212155
   1E+19      211076    -79846.2    -7694.08    -20339.5
   1E+19     -396170      193638     6831.47     13976.7
   1E+19    -10670.8     -279978    -19502.4     743.293
   1E+19      234969     -211983    -12301.1      -13635
   1E+19     42802.4    -34264.2    -27571.6    -34442.2
   1E+19      140093     -110268    -15132.3    -19225.2
   1E+19      280211    -48475.4    -3302.25    -19088.6
   1E+19      309842    -32159.7    -1910.88    -18410.4
   1E+19    -5151.69    -28605.1    -59635.4     10740.2
   1E+19     15011.4     9021.56     40210.4    -66907.7
   1E+19    -13516.8    -8239.59    -42736.6     70108.1
   1E+19      301158      188851     9205.18    -14679.4
   1E+19      378488    -58149.6    -2535.08    -16500.5
   1E+19      216223     -216133    -13208.5      -13214
   1E+19     95801.9     -262451    -18359.3    -6701.66
   1E+19     -239095     -327580    -13102.8     9563.54
   1E+19     -386932     18166.4     778.436     16580.2
   1E+19     60964.3     -146151    -23959.2    -9994.17
   1E+19     87696.7      145591     21464.7    -12929.3
   1E+19    -4057.46     -462714    -15185.9     133.163
   1E+19    -39312.6     -241228    -20623.9     3361.05
   1E+19    -54516.5     -135565      -25074     10083.3
   1E+19    -33407.7       32805       33450     34064.6
   1E+19     2374.52     71233.5       38674    -1289.17
   1E+19     -206477      353896     13939.9     8133.09
   1E+19    -62544.7      351784     17015.6     3025.26
   1E+19       37234     -349280    -17332.3    -1847.66
   1E+19    -74740.5    -25621.1    -11917.8     34766.1
   1E+19    -50161.4       12985     11373.2     43935.1
   1E+19      185213    -17087.5    -2200.56    -23852.1
   1E+19    -27993.4      161941     25110.4     4340.63
   1E+19    -47709.8     36996.6       25764     33224.6
   1E+19    -64722.2      251313       19638      5057.5
   1E+19    -99060.4      132943     20344.4     15159.3
   1E+19     -233538      402923     13096.9     7591.11
   1E+19     45310.3       36958     27003.2    -33105.8
   1E+19      131284     -184171    -17688.1    -12608.8
   1E+19     -100679    -94140.7    -19004.5     20324.4
   1E+19      125057     72632.7     13643.2    -23490.5
   1E+19     -146985      243855       16581      9994.3
   1E+19      208987      214427     13519.9    -13176.9
   1E+19      191513     -416590    -13861.8    -6372.48
   1E+19     62161.2     -361380    -16812.9       -2892
   1E+19     40775.2     92242.2     29752.4    -13151.9
   1E+19      353775    -74795.9    -3553.59      -16808
   1E+19      261201      145374      9188.7    -16509.8
   1E+19     -133158      357056     15679.7     5847.49
   1E+19     38588.3     82588.3     30998.8    -14483.8
   1E+19      -46935     86170.5     28961.5     15774.6
   1E+19      289300      346216     11801.9    -9861.71
   1E+19     55134.8      123261     25662.7      -11479
   1E+19     -200180     -184890    -13427.2     14537.7
   1E+19      156517     -209522    -16183.6    -12089.4
   1E+19     40968.8      195577     22619.1    -4738.17
   1E+19     -108029     29484.3     8128.32     29781.8
   1E+19      294865      237070     10523.5    -13089.1
   1E+19      187511     -322193    -14623.5    -8510.64
   1E+19       17775     -166260    -25120.4    -2685.64
   1E+19     -189739      205529       14352     13249.4
   1E+19     -204657      106642     9937.35     19070.7
   1E+19      235739     67430.1     5737.38    -20058.2
   1E+19     39501.8     -452953    -15262.6    -1331.04
   1E+19    -23111.1     -151539    -26083.9     3978.03
   1E+19      223465    -20044.1    -1948.42    -21722.4
   1E+19     63040.4     749.676      489.24    -41140.3
   1E+19    -75232.1    -5776.17    -2879.01     37497.9
   1E+19      -69156      191480       21534     7777.36
   1E+19     -165398      -48336    -6980.81     23887.2
   1E+19    -11038.9    -9707.96    -56267.4     63981.6
   1E+19     4325.42     8045.42     95202.5    -51183.3
   1E+19     31679.5     -228667    -21297.5    -2950.55
   1E+19     73670.4    -44918.2    -18308.3    -30027.5
   1E+19    -60086.4      109487     25626.4     14063.7
   1E+19    -26863.7     7111.69     15859.3     59906.9
   1E+19      307341     -212342    -9607.64      -13906
   1E+19      164120     -398176    -14553.8    -5998.75
   1E+19     42020.6     94403.1     29359.7    -13068.6
   1E+19       35368      372540     16811.8    -1596.07
   1E+19     92037.8     99241.8     20588.5      -19094
   1E+19      172147      422758     14161.4    -5766.51
   1E+19      -73057     54223.2     20411.9     27501.8
   1E+19     88860.3    -41092.9    -13858.1    -29967.1
   1E+19     -199827     -336075    -14200.4     8443.46
   1E+19     -407506     -145789    -5289.54     14785.2
   1E+19     -413312      214188     6966.58     13443.2
   1E+19     54045.7     7939.21     6423.99    -43730.9
   1E+19    -23258.3     -205290    -22583.2     2558.56
   1E+19      120743      453066     14577.8    -3885.03
   1E+19     -377265     -146950    -5892.67     15128.3
   1E+19      246195     17572.6     1480.42    -20740.9
   1E+19     -109492     -272332    -17691.6     7112.95
   1E+19      -72149     51945.4     20243.8     28117.5
   1E+19     -213757    -82001.5    -7732.96     20157.8
   1E+19     -169473     -140465    -14051.1     16952.8
   1E+19      430401     79137.9     2824.01    -15358.8
   1E+19     720.233    -3028.12     -180141    -42846.1
   1E+19      230098     -276483    -13239.5    -11018.3
   1E+19      365130      297030      9502.2    -11680.8
   1E+19     -114533    -41884.8    -10160.2     27782.7
   1E+19    -866.634    -68167.6    -39562.3     502.967
   1E+19     -139346      224730     17073.8     10586.7
   1E+19     77391.9     60621.2     20317.3      -25938
   1E+19     9633.33      326832     18058.4    -532.268
   1E+19     -262601      181884     10407.2     15025.8
   1E+19    -94578.6     -380180    -16016.6     3984.49
   1E+19      218978      116972     9768.78    -18287.7
   1E+19     -329860     -127837    -6276.34     16194.9
   1E+19     -213128      132309     10878.6     17523.7
   1E+19      294311     30000.1     1926.05    -18895.2
   1E+19     -298705     21757.8     1371.35     18826.9
   1E+19       20607      187877     23620.6    -2590.79
   1E+19      106692     -106186      -18783    -18872.5
   1E+19     91397.3     -442190    -15055.4    -3111.84
   1E+19     -280182      230273     10891.9     13252.6
   1E+19     47855.4     -119368    -26738.2    -10719.5
   1E+19      356642     -122853    -5478.19    -15903.1
   1E+19     80587.6     -233286    -19654.4     -6789.5
   1E+19    -9110.35     -119619    -29739.9     2265.03
   1E+19     -349242      134540     6070.34     15757.5
   1E+19      247979    -68462.3    -5420.32    -19633.1
   1E+19     -217961     -292284    -13714.9     10227.4
   1E+19      145020     -189821    -16795.9    -12831.8
   1E+19    -32974.5     -119885    -28247.9     7769.63
   1E+19      170897      236518     15501.1    -11200.4
   1E+19     -154325      352268     15258.1     6684.41
   1E+19     49104.2     -409335    -15974.6    -1916.32
   1E+19    -55757.7    -2217.25    -1737.67     43697.4
   1E+19    -86098.4     97589.3     21473.6     18945.2
   1E+19    -28100.5    -46182.6    -37956.7     23095.3
   1E+19    -15279.3     13572.9     47991.2     54024.8
   1E+19    -16862.8      386820     16586.3     723.053
   1E+19     2269.57     19553.4     73139.6    -8489.31
   1E+19    -24433.3    -1955.69    -5264.67     65773.7
   1E+19     -218190     -375188    -13555.3     7883.05
   1E+19     70067.1    -26081.9    -13180.2    -35407.7
   1E+19    -44956.9     -313671    -18166.1     2603.67
   1E+19     -291930     -161796     -8668.1     15639.9
   1E+19    -25830.9     47332.1     39050.9     21311.6
   1E+19     62560.9     -442994      -15293    -2159.72
   1E+19      191856      332578     14441.3    -8330.84
   1E+19     -174349     -157171    -14276.8     15837.1
   1E+19    -51415.8     -258580    -19733.1     3923.72
   1E+19     -144384     35749.7     6437.78     26000.6
   1E+19      200088      -51024    -5617.52    -22028.8
   1E+19     -210310      139016     11345.5     17163.9
   1E+19      206154     -322354    -14069.4    -8997.74
   1E+19    -57991.8     29152.5     18212.2     36228.7
   1E+19    -23635.1     -142144    -26845.7     4463.79
   1E+19     -366222    -62968.4     -2871.7     16701.7
   1E+19     1469.09      -32609    -57120.7    -2573.38
   1E+19     -105748     90947.1     18036.6     20971.9
   1E+19    -18651.8    -8789.22    -30667.1     65079.5
   1E+19      209502    -5890.68    -634.231    -22556.5
   1E+19     3804.83    -12492.6    -86477.3    -26338.1
   1E+19      181137      321142     14818.5    -8358.22
   1E+19     -151338     -256498    -16303.6     9619.41
   1E+19     6521.15     33527.2     54869.2    -10672.2
   1E+19     -115336      453404     14637.2     3723.39
   1E+19     -123968     -394292    -15328.8     4819.49
   1E+19     -112324      104436     17961.6     19318.2
   1E+19      149226     -144837    -15777.6    -16255.7
   1E+19     87642.7     -438837    -15143.7    -3024.44
   1E+19     -422146    -27796.9    -1043.55     15848.3
   1E+19     -122191     -123328    -17612.5     17450.2
   1E+19    -34858.4    -39153.5    -33699.1     30002.3
   1E+19      232560    -92069.7    -7603.49    -19205.7
   1E+19     39478.4      104846     28884.2      -10876
   1E+19      176528      426244     14051.8    -5819.52
   1E+19     44079.1    -77524.6      -30072    -17098.4
   1E+19    -2017.17    -1550.49     -124814      162382
   1E+19     -164322     -293585    -15541.4     8698.63
   1E+19      106883      185142     19349.9    -11170.8
   1E+19     -359519     -125368     -5512.5     15808.3
   1E+19     -140508     -330495    -15864.4     6744.63
   1E+19     37785.2      188604     23095.6    -4627.01
   1E+19      109473     -182987    -19198.1    -11485.4
   1E+19    -35895.4     -102765    -29559.9     10325.2
   1E+19      319357     -294864    -10629.5    -11512.4
   1E+19     -242172     -120341    -8840.31     17790.1
   1E+19     -332105    -10671.3    -575.563     17912.2
   1E+19      327894    -72949.8    -3870.89    -17398.8
   1E+19    -25307.5     18714.5     34621.4     46818.2
   1E+19     -102264    -60632.6      -15280     25771.6
   1E+19     51715.3      350716     17164.8    -2531.06
   1E+19      158871     -101582    -12815.3    -20042.7
   1E+19     50785.1     79868.6     28335.9    -18017.6
   1E+19     19720.4      314535     18365.8    -1151.48
   1E+19     -203823      112734       10360       18731
   1E+19     -408115      233808     7487.87     13070.2
   1E+19       73680      162017     22290.1    -10136.8
   1E+19      264221     63728.3     4646.08    -19262.9
   1E+19    -4477.19     -282773    -19423.3     307.532
   1E+19     -134429      428073     14713.9     4620.67
   1E+19      274939      191752     10207.1    -14635.2
   1E+19     48854.2     1541.91     1474.02    -46703.3
   1E+19     15871.6    -28341.6    -50010.4    -28006.3
   1E+19      105645     -130732    -19598.5    -15837.5
   1E+19      305068     27607.8      1682.3    -18589.5
   1E+19      244980     -280973    -12753.1    -11119.5
   1E+19     -172614     -179954    -14929.7     14320.8
   1E+19     -337023     -250660    -9512.76     12790.3
   1E+19      128846      313918       16406    -6733.77
   1E+19      273250      268401       11697    -11908.3
   1E+19    -5674.13    -2279.76    -49251.4      122583
   1E+19     -182949     37985.5     4858.46     23399.7
   1E+19     24120.5     60006.5       37691    -15150.5
   1E+19      238512      205503     12017.7      -13948
   1E+19    -25895.9     -160959    -25260.5     4064.04
   1E+19     1109.63     8910.63      108182    -13471.8
   1E+19     -451998     -135747    -4325.33     14402.1
   1E+19     42178.8      358822     17069.2    -2006.45
   1E+19     11725.7     -164248    -25393.1    -1812.81
   1E+19      443386      -75956     -2600.7    -15181.4
   1E+19      411082      156766     5549.51    -14552.3
   1E+19      286117     -146382    -8299.74    -16222.6
   1E+19       36701      233660     20984.2    -3295.98
   1E+19     9231.97    -87136.4    -34704.6     -3676.9
   1E+19     20720.3      200111     22909.4    -2372.14
   1E+19     13759.2     24817.9     53634.3    -29735.2
   1E+19     -368046    -62705.2    -2839.58     16666.8
   1E+19      404182     -109232    -4165.28    -15412.5
   1E+19     -104748    -51951.2    -13423.5     27065.5
   1E+19     -195494     32382.8     3792.45     22894.9
   1E+19     90403.9     -389815    -15908.5    -3689.42
   1E+19    -30392.3     -102724      -30266     8954.62
   1E+19     -182426     -220289    -14877.3     12320.3
   1E+19    -67914.6     -127714    -23982.2       12753
   1E+19      134540      270675     16826.1    -8363.48
   1E+19     -220173     -324363    -13651.3     9266.34
   1E+19     3906.53     4288.26      100268    -91342.7
   1E+19      274949     49288.4     3448.95    -19239.5
   1E+19     -116666    -75135.7    -15015.5     23315.1
   1E+19     58329.3    -31269.1    -18972.7    -35391.5
   1E+19     -5695.2     3281.37     63612.9      110408
   1E+19     -351550      195910     7926.97     14224.5
   1E+19    -85099.1     -381953      -16119     3591.31
   1E+19    -23483.9     -180892    -23986.6        3114
   1E+19     16091.3     91536.8     33374.3    -5866.88
   1E+19    -34981.9    -32241.1    -32098.7     34827.4
   1E+19      208208     -349948    -13912.7    -8277.58
   1E+19     -361622      265878        9134     12423.2
   1E+19    -77041.4     20271.5     9313.59     35396.2
   1E+19      156056    -51799.9     -8025.8      -24179
   1E+19      276360    -55824.7     -3852.2    -19070.3
   1E+19     -130974    -42440.5    -8582.33     26485.5
   1E+19     -134123      152273     17209.3     15158.1
   1E+19      149436     -305737    -15910.1    -7776.41
   1E+19      188110      224622     14632.1    -12253.6
   1E+19     -177556     -322643    -14913.9     8207.36
   1E+19     -133403     54511.5     10293.6       25191
   1E+19     63337.6    -25784.4      -14895    -36588.5
   1E+19      122585    -95268.7    -16088.5    -20701.6
   1E+19    -12960.2      4374.5     28248.3     83690.2
   1E+19      116883     -135097    -18483.9    -15991.9
   1E+19      206939      332680     14014.2    -8717.36
   1E+19    -10750.9     9774.54     57652.4     63411.1
   1E+19     -301018    -23249.5    -1447.81     18745.2
   1E+19      -29779       25596     33981.6       39535
   1E+19    -2884.55     4368.17      119149       78681
   1E+19    -8952.53    -4489.87    -46276.4     92272.3
   1E+19     -187476     39422.5     4856.87     23097.1
   1E+19      110689     -153124    -19260.8    -13923.1
   1E+19     -269715     -228575    -11232.8     13254.5
   1E+19    -84028.2     15810.9     6532.93     34719.8
   1E+19     -140328      134844     16225.3     16885.1
   1E+19      192394     -331512    -14431.8    -8375.53
   1E+19      266946     -191390    -10502.8      -14649
   1E+19     -289929      314843     11615.8     10696.6
   1E+19      225409      154653     11178.3    -16292.4
   1E+19      309018      332804     11233.5    -10430.6
   1E+19    -9577.95    -68838.8    -38811.5     5400.08
   1E+19     -191364    -23404.6    -2856.25     23353.7
   1E+19      242003       98134     7596.68    -18733.8
   1E+19      321808    -23652.2    -1333.04    -18137.2
   1E+19     -382621    -6724.15    -293.432       16697
   1E+19     28547.2     -331968      -17831    -1533.35
   1E+19    -22027.7     738.809     2332.57       69546
   1E+19    -81843.5      129465     22311.9     14104.9
   1E+19     13438.2    -12755.1    -52248.3    -55046.5
   1E+19      384035    -65492.1    -2782.39    -16315.5
   1E+19      373291      281710     9099.73      -12058
   1E+19     -255205     33985.8     2687.59     20181.5
   1E+19      231503     -126184    -9628.64    -17665.1
   1E+19    -16538.6     15056.9     46502.7     51078.9
   1E+19    -11768.2    -43413.6    -47012.6     12743.8
   1E+19      4083.5     -3713.7    -93553.9     -102870
   1E+19      326448      237498     9565.23    -13147.7
   1E+19     68917.6       85798     24278.2    -19501.6
   1E+19     -319711      136406     6876.19     16116.5
   1E+19      204950      244119     14013.9    -11765.4
   1E+19     -304277      211407     9683.74     13937.7
   1E+19     -109538     -217493    -18696.8     9416.45
   1E+19    -60259.3     69461.3       25733       22324
   1E+19     92313.4      233314       19177    -7587.59
   1E+19     41356.5     14743.3     16555.2      -46439
   1E+19     -213130     -390852    -13593.3     7412.38
   1E+19     36084.8     -332499    -17758.8    -1927.29
   1E+19      -21272     31400.5     43916.6       29751
   1E+19     -268889     -303313    -12141.9     10763.9
   1E+19     95715.1     -384963    -15917.5    -3957.64
   1E+19     -267821      306939     12195.9     10641.5
   1E+19     46585.7     -409104    -15995.9     -1821.5
   1E+19    -26147.1    -22106.9    -36045.3     42632.8
   1E+19     -408070      203928     6837.29     13681.7
   1E+19     37102.6      112074     28542.8     -9449.2
   1E+19     -323426      218184     9249.45       13711
2.24E+23      402050      591250     9057.87    -14321.7
   1E+19      362165      577469     2912.98     3463.06
   1E+19      429969      612454       21544    -30761.6
   1E+19      422771      599775     18882.7    -38202.2
   1E+19      389749      587314    -1308.24     18072.2
   1E+19      390984      588640      735.44     20960.5
   1E+19      399493      596680     54197.4     6930.95
   1E+19      367132      569817    -931.783     1953.27
   1E+19      361306      590781      8837.7     4825.73
   1E+19      365423      582616     4486.24     5072.46
   1E+19      443946      579305     3980.17    -32130.8
   1E+19      378956      602647     19717.4      7277.6
   1E+19      436852      601567     14824.3    -33772.9
   1E+19      409600      564842    -13366.7    -20733.1
   1E+19      376893      583396     1962.08     8406.31
   1E+19      421913      615281     25931.4    -28268.4
   1E+19      383168      553355    -7755.76    -5943.88
   1E+19      372800      600413     15657.7     6746.74
   1E+19      433758      597393       13149    -35437.3
   1E+19      387895      548587    -8246.18     -8580.6
   1E+19      417035      547509    -7947.93    -20147.8
2.24E+23     -402050     -591250    -9057.87     14321.7
   1E+19     -374488     -597551    -14180.9    -8088.24
   1E+19     -401783     -594919    -72617.1        9698
   1E+19     -401828     -637368    -27056.7     14235.1
   1E+19     -427579     -565875      5304.8     28771.6
   1E+19     -361773     -575071    -2142.32    -2894.29
   1E+19     -371656     -605679    -18095.4    -4714.97
   1E+19     -373311     -585588     -4692.6    -7837.11
   1E+19     -421328     -618043    -26327.8     26747.4
   1E+19     -404608     -573305       19365     18372.7
   1E+19     -426939     -630861    -24189.7     23829.6
   1E+19     -434005     -607480    -18303.5     32525.8
   1E+19     -364380     -581472    -4135.24    -4643.26
   1E+19     -402127     -591009      222209     88589.6
   1E+19     -422224     -579793     3474.12     36388.9
   1E+19     -408099     -596867    -38007.1       45496
   1E+19     -405012     -556412     11539.5     16073.2
   1E+19     -403296     -603721    -43413.6     17755.1
   1E+19     -437235     -594879    -11166.6     34765.6
   1E+19     -404802     -586925     36486.3       43305
   1E+19     -402231     -549124     9774.44     14402.6
